 1000.00,    125.00,     24.00,     23.50,    145.00,      6.00
  980.00,    302.12,     23.64,     23.24,    180.00,     14.01
  947.00,    601.34,     22.79,     18.89,    200.00,     22.01
  925.00,    806.00,     22.40,     16.40,    205.00,     23.00
  915.00,    900.04,     21.84,     15.99,    200.00,     22.01
  850.00,   1537.00,     17.60,     12.90,    195.00,     23.00
  796.00,   2095.79,     14.40,     11.62,    195.00,     25.00
  700.00,   3174.00,      8.40,      6.10,    225.00,     19.00
  664.00,   3603.82,      6.22,      4.32,    245.00,     20.01
  642.00,   3878.11,      4.82,      3.18,    230.00,     14.01
  618.00,   4188.27,      3.25,      1.89,    235.00,     19.00
  576.00,   4761.22,      0.34,     -0.49,    245.00,     25.00
  563.00,   4947.06,     -0.61,     -1.26,    250.00,     19.00
  530.00,   5427.73,     -2.91,     -3.84,    220.00,     22.01
  500.00,   5890.00,     -5.10,     -6.40,    200.00,     13.00
  494.00,   5983.06,     -5.63,     -6.95,    195.00,     10.99
  487.00,   6093.06,     -6.26,     -7.60,    220.00,     10.00
  416.00,   7307.69,    -13.18,    -14.81,    205.00,     16.01
  404.00,   7533.30,    -14.46,    -16.15,    225.00,     14.01
  400.00,   7610.00,    -14.90,    -16.60,    220.00,     15.00
  381.00,   7966.93,    -17.44,    -19.26,    215.00,     20.01
  320.00,   9246.64,    -26.53,    -28.78,    245.00,     10.99
  300.00,   9720.00,    -29.90,    -32.30,    225.00,     18.01
  299.00,   9743.44,    -30.08,    -32.49,    225.00,     18.01
  250.00,  11000.00,    -39.90,    -42.60,    270.00,     20.01
  200.00,  12480.00,    -52.90,    -55.70,    310.00,     33.99
  196.00,  12607.19,    -54.14,    -57.02,    315.00,     37.01
  180.00,  13143.31,    -59.38,    -62.57,    300.00,     46.00
  165.00,  13683.67,    -64.57,    -67.73,    290.00,     42.00
  157.00,  13984.20,    -67.35,    -70.11,    300.00,     41.01
  150.00,  14260.00,    -69.90,    -72.30,    305.00,     45.01
  100.00,  16670.00,    -70.10,    -78.10,    355.00,     10.99
   
