"id"	"host_id"	"host_name"	"borough"	"number_reviews"	"review_scores"	"scaled_scores"	"losing_scores"	"price"	"room_type"	"minimum_nights"	"area"	"rental_price"	"availability_2017"	"availability_2018"	"availability_total"
1843955	9634183	"Sera"	"Manhattan"	95	9.44	94.44	5.56	234	"Private room"	3	1733.5	3444.9	172	167	339
16884027	78930817	"Santi"	"Manhattan"	75	9.06	90.64	9.36	254	"Entire home/apt"	1	2113.7	4300.3	0	29	29
17386970	117533073	"Nes"	"Queens"	48	9.77	97.74	2.26	186	"Entire home/apt"	7	2830.3	3444.4	0	25	25
12941500	39943298	"Frank"	"Manhattan"	76	9.36	93.56	6.44	242	"Private room"	4	1783.7	3642	0	20	20
4660939	24117644	"Joshua"	"Queens"	56	8.95	89.52	10.48	253	"Entire home/apt"	3	2173.3	3907.9	0	23	23
15985766	13106667	"Bora"	"Brooklyn"	68	9.69	96.92	3.08	208	"Private room"	5	1759.4	3229.3	60	62	122
13355711	39644709	"Adriana"	"Manhattan"	62	7.56	75.62	24.38	129	"Private room"	3	1156.9	2352	0	16	16
499092	906067	"Shan"	"Manhattan"	62	9.26	92.58	7.42	228	"Private room"	3	1694.6	3813.1	282	271	553
17456932	5635997	"Eldad"	"Manhattan"	64	9	90	10	303	"Entire home/apt"	5	2848.7	3539.9	8	15	23
18146377	13974537	"Ahmed"	"Brooklyn"	88	8.92	89.21	10.79	158	"Private room"	1	1505.5	2259.5	158	154	312
14025315	45281346	"Mathilde"	"Manhattan"	79	9.32	93.17	6.83	226	"Private room"	2	1630.4	4015.3	8	15	23
12969014	9991075	"Erika"	"Manhattan"	53	9.31	93.09	6.91	289	"Entire home/apt"	2	2485.2	5084.8	50	52	102
7047329	36956206	"Taylor"	"Brooklyn"	106	9.53	95.33	4.67	269	"Entire home/apt"	1	3490.5	3448.7	3	11	14
8468180	44593642	"Charlie"	"Manhattan"	61	9.21	92.1	7.9	333	"Entire home/apt"	2	2902.9	4327.2	0	19	19
2518907	10264377	"Anthony"	"Manhattan"	67	7	69.97	30.03	318	"Entire home/apt"	2	2701.7	5004.4	0	18	18
9575226	47739675	"David"	"Brooklyn"	48	9.52	95.18	4.82	191	"Private room"	10	1719.4	3442.8	0	41	41
4642539	5025692	"Annika & Nacho"	"Manhattan"	86	9.01	90.07	9.93	314	"Entire home/apt"	3	2488.4	5026.5	0	32	32
14015822	82805482	"Julia"	"Brooklyn"	73	7.89	78.94	21.06	166	"Private room"	3	1504.8	2152	258	249	507
9609762	9144442	"Samantha"	"Manhattan"	88	9.4	94	6	198	"Private room"	3	1530.2	3110.5	0	18	18
829215	1544412	"Carlota"	"Brooklyn"	95	9.77	97.71	2.29	244	"Private room"	4	1985.5	3476.2	267	257	524
6346496	14087588	"Drew"	"Manhattan"	62	9.43	94.27	5.73	362	"Entire home/apt"	1	4511.1	5666.6	0	12	12
13479706	24088856	"Olivia  &  Jonathan"	"Manhattan"	104	8.79	87.93	12.07	179	"Private room"	1	1365.7	1969.6	273	263	536
12902256	37782666	"Kevin"	"Manhattan"	98	9.41	94.08	5.92	228	"Private room"	1	1701.9	3219.1	356	336	692
15123354	26215133	"Tommy"	"Queens"	16	9.65	96.52	3.48	86	"Shared room"	1	940.8	1055.6	362	338	700
2876055	5317082	"Kells"	"Brooklyn"	108	9.74	97.43	2.57	223	"Private room"	5	1889.3	2447.1	162	158	320
7734995	3344231	"Cesar"	"Manhattan"	96	9.41	94.12	5.88	267	"Entire home/apt"	3	2323	3298.7	0	12	12
5396863	786850	"Alejandra"	"Brooklyn"	52	7.92	79.2	20.8	275	"Private room"	2	2311.2	4584.3	365	335	700
16578092	46660053	"Ploymanee"	"Brooklyn"	88	9.63	96.32	3.68	208	"Private room"	2	1749	3180	92	91	183
18058836	43359521	"John"	"Brooklyn"	75	9.73	97.33	2.67	184	"Private room"	1	1661.4	2553.6	44	47	91
17559561	20187705	"Rosalba"	"Queens"	47	9.72	97.17	2.83	132	"Shared room"	2	1112.3	2384.1	257	248	505
11866163	56138849	"Sian-Pierre"	"Manhattan"	64	9.11	91.05	8.95	244	"Shared room"	1	1496.7	4586.9	0	32	32
12911110	5317451	"Kelly"	"Manhattan"	54	9.25	92.55	7.45	233	"Entire home/apt"	8	2552	4805.7	0	16	16
13387713	73398736	"Elizabeth"	"Manhattan"	71	9.49	94.93	5.07	321	"Private room"	5	2468.5	4270.9	0	10	10
9895587	31534322	"Nia"	"Queens"	71	9.21	92.15	7.85	207	"Private room"	2	1777.6	2409.3	58	60	118
15552357	100107219	"Antoine"	"Brooklyn"	92	9.64	96.41	3.59	280	"Entire home/apt"	2	2658.3	3287.3	141	138	279
15216399	95765103	"Glory"	"Brooklyn"	36	9.55	95.46	4.54	148	"Private room"	2	1459.9	1908.3	364	339	703
4122050	21383697	"Mahfud"	"Manhattan"	127	9.28	92.81	7.19	268	"Private room"	3	2012.7	4561.1	24	28	52
9260616	8996900	"Kristine"	"Brooklyn"	81	9.7	96.98	3.02	276	"Entire home/apt"	4	2613.1	3548.8	0	12	12
14682981	20847630	"Ted"	"Brooklyn"	63	9.7	96.99	3.01	233	"Entire home/apt"	3	3072.1	3018.1	175	170	345
13605171	14751888	"Mary"	"Manhattan"	56	9.29	92.92	7.08	219	"Private room"	2	1637.6	2534.2	0	32	32
13623671	26500909	"Sarah"	"Brooklyn"	64	9.75	97.52	2.48	194	"Private room"	2	1680.3	4455.6	0	11	11
13770856	65809485	"Shirley"	"Queens"	61	8.41	84.08	15.92	177	"Private room"	3	1613.5	2765.1	172	167	339
15870194	9592326	"Steven"	"Brooklyn"	71	9.13	91.32	8.68	194	"Private room"	2	1649.9	3804.7	81	81	162
12028733	52474491	"Arthur"	"Brooklyn"	80	8.2	81.98	18.02	236	"Private room"	1	1976	3677.1	0	17	17
619471	3069794	"Hayley"	"Brooklyn"	79	8.33	83.29	16.71	202	"Private room"	3	1716.8	3744.1	365	329	694
13006856	32273969	"Jane"	"Manhattan"	96	8.47	84.67	15.33	309	"Entire home/apt"	2	2438.3	3784.6	311	297	608
17964554	123362908	"Jason"	"Brooklyn"	56	1.94	19.44	80.56	326	"Entire home/apt"	2	3229.3	5919	83	83	166
14373079	1359449	"Kelly"	"Brooklyn"	100	8.28	82.81	17.19	200	"Private room"	2	1685.5	3842.3	352	332	684
5381943	4693468	"Melissa"	"Manhattan"	110	8.54	85.39	14.61	243	"Private room"	1	1755.3	4519	314	300	614
12358120	2640854	"Bryan"	"Manhattan"	82	9.31	93.08	6.92	318	"Entire home/apt"	3	2660.5	3947.9	0	14	14
424767	2103888	"Akari"	"Manhattan"	127	9.18	91.83	8.17	348	"Entire home/apt"	1	3086.6	5494.5	300	288	588
13019720	57574248	"Christine"	"Manhattan"	56	9.45	94.53	5.47	311	"Entire home/apt"	2	2528.9	3953.8	0	11	11
10000943	6891770	"Mido"	"Manhattan"	87	9.44	94.38	5.62	302	"Entire home/apt"	2	2419.8	5168.7	0	12	12
7801270	31397204	"Marie-Theres"	"Manhattan"	88	8.35	83.5	16.5	334	"Entire home/apt"	2	3196.6	6451.3	45	48	93
6524913	1481802	"David"	"Manhattan"	42	9.1	90.98	9.02	286	"Entire home/apt"	14	2858.8	4329.1	0	28	28
11926941	4501003	"Brooke"	"Brooklyn"	86	8.61	86.12	13.88	238	"Entire home/apt"	1	2421.9	4088.6	0	33	33
54158	10889	"Bob"	"Brooklyn"	86	9.72	97.25	2.75	325	"Entire home/apt"	2	3026.2	4578.9	247	238	485
16044615	7999	"Misaa"	"Brooklyn"	89	9	90.05	9.95	196	"Private room"	1	1685.1	3658.7	35	38	73
15799338	102222383	"Graham"	"Brooklyn"	66	9.63	96.33	3.67	258	"Private room"	2	2117.1	4626.8	0	17	17
185478	889963	"Eddie"	"Brooklyn"	123	9.52	95.18	4.82	262	"Entire home/apt"	1	2639.6	4275.7	252	243	495
13040801	4833843	"Heidi"	"Brooklyn"	89	9.57	95.69	4.31	299	"Entire home/apt"	2	3436.6	5299.5	0	22	22
17268340	116427778	"Mel"	"Brooklyn"	75	8.71	87.09	12.91	189	"Entire home/apt"	1	2094.4	2799.2	39	42	81
9410580	47993495	"GiGi"	"Manhattan"	115	7.35	73.47	26.53	189	"Private room"	1	1449.9	2015.7	84	84	168
13000483	1261588	"Julian"	"Brooklyn"	106	9.52	95.23	4.77	290	"Entire home/apt"	2	3274.7	5144.4	223	216	439
13359933	35681025	"Maxwell"	"Manhattan"	74	7.28	72.85	27.15	220	"Private room"	1	1658.2	2849.6	289	277	566
8164877	9862206	"Devon"	"Brooklyn"	97	9.64	96.39	3.61	209	"Private room"	1	1768.9	2497.7	0	17	17
2874602	1836667	"Josh"	"Brooklyn"	88	9.15	91.5	8.5	214	"Private room"	1	1772.5	3347.2	0	10	10
8552070	3656083	"Juan"	"Brooklyn"	77	9.69	96.93	3.07	210	"Private room"	4	1775.5	3159.1	251	242	493
93540	501527	"Nichol"	"Brooklyn"	72	8.71	87.11	12.89	302	"Entire home/apt"	3	4607	3914.8	361	338	699
8392882	25144266	"Therina"	"Queens"	16	9.83	98.34	1.66	209	"Private room"	1	1785.8	3286.6	1	9	10
18051531	593103	"Sylvia"	"Brooklyn"	52	9.65	96.47	3.53	184	"Private room"	2	1622.8	3243.5	38	41	79
12812370	9631746	"Charese"	"Manhattan"	70	9.44	94.44	5.56	291	"Entire home/apt"	1	2348.9	4090.2	0	11	11
14255781	40579250	"Shirlette"	"Brooklyn"	99	9.09	90.89	9.11	249	"Private room"	1	2050.6	3914.9	297	285	582
15326173	3333690	"Nick"	"Manhattan"	90	9.42	94.2	5.8	267	"Entire home/apt"	1	2630.1	3440.5	218	211	429
10744879	39285860	"Clean Positive"	"Manhattan"	101	8.77	87.69	12.31	166	"Shared room"	1	1053.8	2624.9	350	330	680
17209047	115823826	"Aloon"	"Manhattan"	46	9.21	92.08	7.92	321	"Entire home/apt"	1	3222.2	5485.6	310	296	606
13616086	4522887	"Vicky"	"Brooklyn"	61	9.53	95.32	4.68	240	"Entire home/apt"	1	2411.6	3551.2	172	167	339
14928996	32545798	"Sasha"	"Brooklyn"	67	9.53	95.27	4.73	213	"Private room"	1	1757.4	4379.4	0	34	34
5065185	10428997	"Marta"	"Manhattan"	102	9.18	91.78	8.22	270	"Entire home/apt"	3	2450.2	3540.2	19	24	43
4476253	18280046	"Jessica"	"Manhattan"	65	9.45	94.48	5.52	308	"Entire home/apt"	2	4256.2	4946.6	0	11	11
182095	872805	"Mike"	"Manhattan"	111	9.41	94.07	5.93	311	"Entire home/apt"	3	3780.3	4392	53	55	108
1494527	7988149	"Moses"	"Brooklyn"	146	9.52	95.2	4.8	332	"Entire home/apt"	2	3035.5	4478.2	149	145	294
9509218	49275064	"Chelsea"	"Manhattan"	73	9.27	92.65	7.35	283	"Entire home/apt"	2	3444.7	3297.4	26	30	56
15675714	92343003	"Itzel"	"Queens"	29	9.21	92.09	7.91	171	"Private room"	1	1620.2	1777	149	145	294
9444300	48944346	"Samantha"	"Brooklyn"	89	9.02	90.2	9.8	161	"Private room"	1	1523.7	1972.2	0	17	17
3741945	18836774	"Jime"	"Manhattan"	103	9.4	94.02	5.98	218	"Private room"	1	1695.3	3163	277	266	543
15898592	47652911	"Natalia"	"Brooklyn"	87	9.58	95.77	4.23	211	"Private room"	2	1788.4	3316.9	12	18	30
15633510	17328624	"Marcus"	"Brooklyn"	80	8.65	86.52	13.48	306	"Entire home/apt"	2	3751.2	3936.8	139	136	275
747344	3011406	"Ellie"	"Brooklyn"	129	8.66	86.57	13.43	309	"Entire home/apt"	4	2936.5	4851.2	47	50	97
17366161	21153954	"Michael"	"Brooklyn"	68	9.6	96.03	3.97	180	"Private room"	2	1646.6	3680.4	47	50	97
15069564	4095135	"Julia"	"Brooklyn"	67	9.07	90.75	9.25	249	"Private room"	2	2043.3	3305.6	91	90	181
9959880	29871124	"Pieter"	"Manhattan"	70	9.3	93	7	173	"Private room"	1	1400.7	3522.2	0	30	30
8989320	15105912	"Maribel"	"Manhattan"	117	8.33	83.28	16.72	287	"Entire home/apt"	3	4420	4601.3	251	242	493
2127377	2994619	"Marie-Louise"	"Brooklyn"	70	9.75	97.53	2.47	317	"Entire home/apt"	3	4303.2	5036.2	116	114	230
3003729	9078003	"Veronika"	"Brooklyn"	106	8.93	89.27	10.73	288	"Entire home/apt"	3	2503.3	4038	347	328	675
9536104	49395903	"Ethan"	"Manhattan"	76	7.58	75.78	24.22	149	"Private room"	1	1294.2	2810.3	0	14	14
13122318	2689908	"Emily"	"Brooklyn"	109	9.68	96.77	3.23	185	"Private room"	2	1655.5	1980.3	16	21	37
223926	1161201	"Pete"	"Brooklyn"	135	9.01	90.14	9.86	220	"Private room"	3	1824.6	3327.7	179	174	353
17333490	38645342	"Attila"	"Brooklyn"	82	9.78	97.79	2.21	212	"Private room"	1	1775.7	3492.5	37	40	77
16215078	105941538	"Leob"	"Brooklyn"	37	9.71	97.1	2.9	180	"Private room"	7	1589.1	2285.2	5	12	17
8240016	36791609	"Paul"	"Brooklyn"	126	8.91	89.13	10.87	236	"Entire home/apt"	1	2178.4	4119.8	286	275	561
544331	2676438	"Srdjan"	"Manhattan"	86	9.49	94.89	5.11	270	"Entire home/apt"	365	3047.9	4845.6	0	10	10
4218129	21641206	"Veronica"	"Brooklyn"	144	8.98	89.76	10.24	186	"Private room"	1	1643.4	2446.8	336	319	655
11611213	12704850	"Andrey"	"Brooklyn"	94	9.76	97.6	2.4	172	"Private room"	6	1516.7	2430.1	47	50	97
658932	3323929	"Erika"	"Queens"	60	9.18	91.75	8.25	206	"Private room"	1	1820.8	3071.7	365	337	702
10165313	47554473	"Mae"	"Brooklyn"	79	9.74	97.39	2.61	262	"Entire home/apt"	3	2190.1	4133.8	365	319	684
271043	1418626	"Eddie"	"Brooklyn"	100	9.53	95.31	4.69	266	"Entire home/apt"	2	3948	4757.1	79	79	158
13359798	4413028	"Michael"	"Queens"	39	9.79	97.85	2.15	257	"Entire home/apt"	2	3058.9	4089.2	0	20	20
6912675	36225155	"Maria"	"Brooklyn"	91	9.62	96.24	3.76	217	"Private room"	4	1788.2	2204.2	362	338	700
5849441	2140656	"Marla"	"Manhattan"	96	9.08	90.85	9.15	272	"Entire home/apt"	3	2410.9	3518.7	112	110	222
2543343	2675644	"Melissa"	"Staten Island"	70	7.64	76.36	23.64	206	"Private room"	2	1687.9	1879.2	355	335	690
6257586	11757212	"Christina"	"Brooklyn"	118	8.89	88.86	11.14	173	"Private room"	1	1542.2	2569.8	352	332	684
6627553	16941743	"Ernesto"	"Queens"	59	9.86	98.58	1.42	151	"Private room"	2	1519.4	2636.8	100	99	199
13866541	61961	"Max"	"Manhattan"	100	9.38	93.82	6.18	238	"Private room"	1	1785.8	4439.3	304	291	595
18008747	119690853	"Victor & Lucy"	"Manhattan"	71	9.15	91.48	8.52	266	"Entire home/apt"	2	2168.9	2637.4	79	79	158
8951480	46787065	"C"	"Manhattan"	54	8.38	83.75	16.25	236	"Entire home/apt"	7	3400.2	3873.5	0	19	19
1156374	5599486	"John"	"Brooklyn"	79	9.59	95.91	4.09	255	"Entire home/apt"	10	4590.8	4736.5	0	19	19
11775483	116382	"Anthony"	"Brooklyn"	126	9.07	90.65	9.35	117	"Private room"	1	1298.4	2102.6	221	214	435
13378820	10859834	"Brian"	"Brooklyn"	106	8.83	88.3	11.7	275	"Entire home/apt"	1	3997.1	5331	331	316	647
746309	2203133	"Paulo"	"Manhattan"	133	9.47	94.71	5.29	293	"Private room"	1	2252.4	4592.2	308	295	603
2623348	13435721	"Michael"	"Manhattan"	78	9.35	93.46	6.54	231	"Private room"	1	1701.4	3850.8	194	188	382
11622385	61554691	"Justyna"	"Queens"	34	8.45	84.47	15.53	136	"Private room"	10	1458.1	2466.1	256	247	503
2046131	5201012	"Sean"	"Manhattan"	145	9.3	93.04	6.96	302	"Entire home/apt"	1	3167.5	5386	266	256	522
15199186	60881179	"Shannon"	"Manhattan"	39	9.11	91.06	8.94	292	"Entire home/apt"	2	3186.1	4336.4	2	10	12
8720684	117765	"Vanessa"	"Brooklyn"	53	9.62	96.17	3.83	242	"Shared room"	1	1730.8	3233.4	0	28	28
17284471	1409823	"Fernando"	"Brooklyn"	20	9.52	95.23	4.77	215	"Private room"	7	1826.6	3422.2	57	59	116
9696307	25499953	"Magdalena"	"Manhattan"	63	3.5	35.02	64.98	244	"Entire home/apt"	2	2126.8	3161.2	0	28	28
13980004	9624300	"Keiko"	"Brooklyn"	81	9.7	97.03	2.97	265	"Entire home/apt"	365	2386.1	3786.8	17	22	39
2136200	721463	"Guy"	"Manhattan"	37	9.51	95.11	4.89	269	"Private room"	21	2029.5	4964.2	364	336	700
8472812	9295237	"Noelle"	"Manhattan"	55	9.4	94.02	5.98	263	"Entire home/apt"	3	2676.8	3820.3	0	13	13
6778747	893419	"Evangelos"	"Manhattan"	115	8.36	83.63	16.37	396	"Entire home/apt"	3	3416.1	6695.8	266	256	522
16392514	107382521	"Adam"	"Manhattan"	93	9.33	93.34	6.66	233	"Private room"	1	1796.5	3845.3	9	16	25
17552327	45317933	"Dan"	"Queens"	52	9.21	92.12	7.88	220	"Private room"	5	1941.3	2055	53	55	108
1147836	2285895	"Idan & Or"	"Manhattan"	99	9.42	94.19	5.81	299	"Private room"	2	2287.9	2975.4	122	120	242
2656101	13595585	"Kate"	"Manhattan"	84	9.44	94.41	5.59	262	"Private room"	1	1936	4363.8	0	14	14
563434	2770752	"Christopher"	"Brooklyn"	39	7.63	76.32	23.68	325	"Entire home/apt"	3	3643.1	4418.4	10	17	27
1286972	6999690	"Katherine"	"Manhattan"	125	8.73	87.29	12.71	226	"Private room"	2	1740.5	3496.1	29	33	62
16366668	106549547	"Christina"	"Manhattan"	93	9.26	92.6	7.4	302	"Entire home/apt"	2	2907.1	4189.7	44	47	91
1914787	9509269	"Carlos"	"Queens"	66	9.21	92.08	7.92	203	"Private room"	3	1806.3	1864.5	318	304	622
17015828	12007038	"JoAnna"	"Brooklyn"	37	8.21	82.06	17.94	158	"Private room"	2	1505.2	2730.9	33	37	70
7052861	25915566	"Christine"	"Brooklyn"	98	9.65	96.49	3.51	269	"Entire home/apt"	5	2556.4	4901.3	0	15	15
1909648	6371579	"Joanne"	"Manhattan"	76	9.16	91.57	8.43	285	"Entire home/apt"	7	5271.2	2779.3	0	21	21
3627720	18275509	"Carol"	"Brooklyn"	63	8.82	88.22	11.78	254	"Entire home/apt"	1	3711.2	4570.5	364	337	701
4917323	25326314	"Cherrie"	"Brooklyn"	122	7.71	77.12	22.88	296	"Entire home/apt"	2	3242.6	4687.6	122	120	242
9714004	50148553	"Anna"	"Manhattan"	76	8.3	83.05	16.95	300	"Entire home/apt"	3	4255.8	3939.3	94	93	187
15216398	3360346	"Christen"	"Brooklyn"	98	9.61	96.12	3.88	196	"Private room"	3	1664.8	3802.4	36	39	75
3906390	19472365	"Jesse"	"Brooklyn"	37	7.75	77.54	22.46	264	"Entire home/apt"	3	2845.2	4355.2	364	337	701
14499400	2024671	"Ashley"	"Brooklyn"	78	9.67	96.73	3.27	195	"Private room"	3	1671.5	2363.2	143	140	283
7698642	40221604	"John And William"	"Manhattan"	98	9.39	93.87	6.13	230	"Private room"	1	1694.9	3058.8	316	302	618
5647762	2964953	"Kyle"	"Manhattan"	80	8.63	86.35	13.65	175	"Private room"	14	1385.7	2995	151	147	298
6955018	36462687	"Deborah"	"Manhattan"	88	9.34	93.44	6.56	233	"Private room"	5	1721.5	3670	59	61	120
9976626	26968002	"Jon"	"Manhattan"	63	9.1	90.97	9.03	352	"Entire home/apt"	2	2814	5388.6	0	28	28
8389603	32588705	"Abraham"	"Manhattan"	78	9.33	93.3	6.7	249	"Entire home/apt"	2	1994.5	3387.9	0	14	14
15988922	25558327	"Jenny"	"Queens"	50	9.76	97.59	2.41	275	"Entire home/apt"	2	3499.8	4065.9	291	279	570
15543090	99392252	"Michael"	"Brooklyn"	111	9.1	90.97	9.03	195	"Private room"	1	1693.2	2870.5	246	237	483
245574	1288460	"Al-"	"Brooklyn"	136	8.94	89.42	10.58	292	"Entire home/apt"	2	2666.7	3742.5	302	289	591
17269342	114890218	"Marc"	"Manhattan"	46	9.23	92.33	7.67	282	"Entire home/apt"	7	4051.4	4861.2	21	25	46
4994058	25747773	"Ellen!"	"Manhattan"	62	9.32	93.15	6.85	268	"Private room"	5	2016.4	3866.3	0	29	29
12025968	63403077	"Sebastian"	"Manhattan"	105	8.67	86.7	13.3	203	"Private room"	2	1535.2	2775.8	64	65	129
6416714	24448775	"Mo"	"Brooklyn"	83	9.74	97.4	2.6	223	"Private room"	4	1845.1	3589.8	0	12	12
12624890	657869	"J"	"Manhattan"	88	9.12	91.19	8.81	144	"Shared room"	4	942.7	2614.7	33	37	70
905425	4843750	"Painter"	"Brooklyn"	123	9.6	95.99	4.01	278	"Entire home/apt"	3	3308.4	3793	324	309	633
4558050	23628935	"Patrick"	"Manhattan"	120	8.62	86.23	13.77	200	"Private room"	2	1547.5	3016.1	268	258	526
17042818	114376943	"Corinthians"	"Bronx"	15	9.88	98.84	1.16	159	"Private room"	1	1568.6	3150.9	135	132	267
17492408	47735494	"Iris"	"Queens"	29	9.21	92.08	7.92	162	"Private room"	1	1588.4	3358.6	50	52	102
10050665	19899632	"Rachael"	"Brooklyn"	90	9.65	96.48	3.52	186	"Private room"	2	1601.8	2837.2	0	16	16
4412256	22902988	"Octavia"	"Manhattan"	89	7.57	75.7	24.3	232	"Private room"	2	1711	3190	0	14	14
15037640	144705	"Deanna"	"Brooklyn"	57	9.61	96.14	3.86	151	"Private room"	1	1475	2663.3	0	21	21
10138870	52031473	"Hanna"	"Manhattan"	51	9.4	94.03	5.97	236	"Private room"	2	1760.1	4147.3	93	92	185
2598767	2058754	"Manzi"	"Manhattan"	97	8.87	88.65	11.35	234	"Private room"	1	1783.8	3403.5	322	308	630
9865506	26920640	"Kendall"	"Manhattan"	74	8.54	85.37	14.63	303	"Entire home/apt"	2	2681.9	4115	0	10	10
16179907	105644033	"Shalisha"	"Manhattan"	59	9.14	91.43	8.57	204	"Shared room"	3	1198.6	3026.5	364	338	702
11742647	19962052	"Thikshan"	"Manhattan"	86	8.77	87.67	12.33	241	"Private room"	2	1801.3	3048.3	0	17	17
9180537	8919145	"Jason"	"Brooklyn"	97	9.52	95.16	4.84	240	"Private room"	2	2004.2	3054.4	358	337	695
15508035	99626841	"Andrew"	"Brooklyn"	86	9.72	97.19	2.81	192	"Private room"	2	1670	2396.6	152	148	300
177606	849492	"Kathrine"	"Manhattan"	112	8.48	84.77	15.23	297	"Entire home/apt"	4	2574.5	4043.3	351	331	682
4603551	1149936	"Sofia"	"Queens"	61	9.81	98.07	1.93	218	"Private room"	2	1911.5	3249.5	128	125	253
487872	1385601	"K. N. H."	"Brooklyn"	68	9.78	97.76	2.24	161	"Private room"	7	1482.3	3380.6	142	139	281
14149765	51262849	"Amy"	"Manhattan"	82	9.41	94.14	5.86	256	"Private room"	2	1926.4	3779.8	89	89	178
268549	1378790	"Linlin"	"Manhattan"	118	9.49	94.89	5.11	201	"Private room"	3	1520.4	2590.6	79	79	158
16347171	19655631	"Tali"	"Brooklyn"	64	7.89	78.88	21.12	235	"Entire home/apt"	6	2681.2	3986.5	58	60	118
9894602	10456845	"Taylor"	"Queens"	41	9.86	98.55	1.45	197	"Private room"	1	1774.4	3828.7	0	11	11
7110032	526338	"Frederick"	"Brooklyn"	109	9.71	97.11	2.89	240	"Entire home/apt"	1	3873.1	2599.3	94	93	187
3191678	9122601	"Yan"	"Bronx"	19	9.25	92.5	7.5	214	"Private room"	4	1943.6	3725.2	291	279	570
1073635	4243849	"Emma"	"Brooklyn"	141	9.54	95.45	4.55	287	"Entire home/apt"	2	3279.1	4259.2	221	214	435
9596551	37058836	"Andrew"	"Manhattan"	24	9.27	92.66	7.34	329	"Entire home/apt"	1	3615.4	5091.8	0	16	16
8063845	35983559	"Laura"	"Brooklyn"	89	8.17	81.68	18.32	215	"Private room"	4	1851.7	2625.7	201	195	396
5251340	17129810	"Jeffrey"	"Brooklyn"	103	9.02	90.15	9.85	200	"Private room"	1	1716.5	3318.9	275	264	539
742779	3889339	"Stacey"	"Manhattan"	77	9.11	91.14	8.86	325	"Entire home/apt"	6	3600.1	4531	178	173	351
14859556	1226782	"C??me"	"Brooklyn"	87	9.09	90.87	9.13	232	"Private room"	2	1936.6	3262.2	59	61	120
10136980	52022476	"Ana"	"Brooklyn"	66	9.62	96.2	3.8	260	"Private room"	1	2182.4	4920	139	136	275
16505757	22864208	"Rustam"	"Brooklyn"	91	9.79	97.93	2.07	177	"Private room"	1	1515.7	2188.1	297	285	582
1888006	9820942	"Erica And Jorel"	"Brooklyn"	138	8.98	89.85	10.15	185	"Private room"	1	1632	4962.1	300	288	588
14826817	92720308	"Sidney"	"Brooklyn"	96	9.75	97.54	2.46	255	"Private room"	1	2126.1	3060.3	305	292	597
16274292	106437594	"Lance"	"Manhattan"	46	9.51	95.07	4.93	278	"Private room"	3	2072.2	4325.9	7	14	21
16462665	45792947	"Erika"	"Brooklyn"	93	9.52	95.19	4.81	223	"Private room"	1	1843.5	2931.4	335	319	654
11507776	50124193	"Eric"	"Brooklyn"	68	9.61	96.13	3.87	180	"Private room"	4	1577.1	3492	0	23	23
5191347	26852347	"Erin"	"Manhattan"	71	9.43	94.28	5.72	263	"Private room"	1	1984	4702.4	0	15	15
6868147	3033661	"Kyle"	"Brooklyn"	82	9.55	95.53	4.47	226	"Entire home/apt"	6	2366.1	3295	0	25	25
356729	954367	"Christopher"	"Manhattan"	92	8.53	85.31	14.69	215	"Private room"	2	1633.7	2976.2	63	64	127
4038988	20858371	"Itamar"	"Manhattan"	98	7.18	71.8	28.2	190	"Private room"	1	1453.4	3163.3	180	174	354
15998452	103299468	"Loretta"	"Manhattan"	71	9.46	94.57	5.43	254	"Entire home/apt"	1	3011.5	3783.8	171	166	337
9760592	26350694	"Kate"	"Manhattan"	103	9.46	94.61	5.39	304	"Entire home/apt"	3	3210.1	5602.7	22	26	48
4026150	16514175	"Hector Fabian"	"Queens"	76	8.99	89.88	10.12	181	"Entire home/apt"	3	2634.8	2809.8	195	189	384
14650067	28124460	"Barbara"	"Manhattan"	94	9.45	94.5	5.5	208	"Private room"	1	1526	3260.8	0	13	13
16393554	1482059	"Erin"	"Manhattan"	88	9.22	92.2	7.8	334	"Entire home/apt"	2	2807.2	4569.7	154	150	304
10115781	10221694	"Zhamal"	"Brooklyn"	74	9.76	97.56	2.44	220	"Private room"	1	1820.9	4036.4	0	10	10
15524161	98726662	"Lei"	"Brooklyn"	79	8.2	81.96	18.04	136	"Private room"	1	1346.6	2448.4	33	37	70
4164672	3654097	"Doug & Rosanne"	"Bronx"	27	9.25	92.47	7.53	196	"Private room"	4	1784.9	2959.9	133	130	263
1220962	6503339	"Kristine"	"Queens"	50	7.28	72.84	27.16	234	"Private room"	2	1995.9	4056.1	362	338	700
15215464	85481816	"Fangfang"	"Manhattan"	83	9.45	94.49	5.51	326	"Entire home/apt"	2	3788.6	4343.5	109	108	217
16186929	279455	"Konstantin"	"Brooklyn"	63	9.54	95.38	4.62	254	"Private room"	1	2119	2452.3	341	322	663
870246	1872543	"Nina"	"Brooklyn"	87	9.06	90.62	9.38	198	"Private room"	2	1713.1	4349.3	323	309	632
9689359	50045329	"Joann"	"Brooklyn"	98	8.76	87.62	12.38	280	"Entire home/apt"	3	3621.9	3275.4	290	278	568
7411044	38827405	"John"	"Manhattan"	106	9.4	93.98	6.02	271	"Private room"	3	2051.7	3830.1	33	37	70
9618986	49764808	"Danielle"	"Brooklyn"	95	5.74	57.37	42.63	239	"Entire home/apt"	2	2022.6	3880.1	346	327	673
13216565	74120397	"Alessia & Irene"	"Manhattan"	57	8.4	84.02	15.98	291	"Entire home/apt"	3	3544.6	4767.3	0	18	18
13379688	76040827	"Gregory"	"Manhattan"	63	9.47	94.75	5.25	205	"Private room"	1	1499.4	2316.9	29	33	62
4662584	20559017	"Yohan"	"Manhattan"	54	4.83	48.31	51.69	160	"Private room"	15	1347.5	1722.6	228	220	448
2339174	11947194	"Alina And Gene"	"Manhattan"	113	8.65	86.5	13.5	232	"Private room"	3	1711	4738.4	44	47	91
2043329	10478532	"Erin"	"Manhattan"	82	9.5	95.04	4.96	242	"Entire home/apt"	2	3758	3340.9	0	9	9
16163691	10084252	"Giacomo"	"Manhattan"	84	9.38	93.82	6.18	281	"Entire home/apt"	3	2120.5	4441.2	105	104	209
690960	3531317	"Ingrid"	"Brooklyn"	86	8.15	81.51	18.49	194	"Private room"	2	1647	4131	215	208	423
9699559	3655401	"Stephen"	"Manhattan"	72	9.08	90.76	9.24	274	"Entire home/apt"	3	2115.8	4703.5	0	28	28
116551	497672	"Charlie 1F"	"Manhattan"	128	6.25	62.49	37.51	157	"Entire home/apt"	1	1864.6	3283.3	163	159	322
13495567	77375500	"Chelly"	"Manhattan"	92	9.47	94.67	5.33	234	"Private room"	3	1725.7	2568.5	1	9	10
14901070	92631092	"Nicole"	"Manhattan"	94	9.36	93.56	6.44	271	"Private room"	1	1999.7	4525.9	358	337	695
8648134	15954226	"Jen"	"Brooklyn"	69	9.58	95.82	4.18	264	"Entire home/apt"	7	2257.4	3647.2	0	21	21
11755010	32122151	"Matteo"	"Queens"	43	9.81	98.09	1.91	248	"Entire home/apt"	1	3448.7	3412.7	0	13	13
8865020	46404051	"Brenda"	"Manhattan"	49	9.21	92.13	7.87	319	"Entire home/apt"	1	3050	5380.2	0	19	19
12093559	5869629	"Zack"	"Manhattan"	74	8.12	81.17	18.83	224	"Entire home/apt"	1	1841	3463	0	31	31
2416104	12348871	"Hetty"	"Brooklyn"	93	9.57	95.7	4.3	304	"Entire home/apt"	2	3318	4069.6	0	21	21
16038595	8800961	"Kelly"	"Manhattan"	85	8.5	85.03	14.97	189	"Private room"	1	1445.2	3488.4	4	12	16
14599247	62661922	"Aviva"	"Manhattan"	85	9.49	94.9	5.1	303	"Entire home/apt"	1	2601.2	4662.3	165	161	326
13432623	76606309	"Sherry"	"Manhattan"	111	8.72	87.16	12.84	245	"Private room"	1	1800.3	3439.7	134	131	265
17877404	122399106	"Nicole"	"Manhattan"	79	9.23	92.34	7.66	271	"Entire home/apt"	4	2475.9	4375	199	193	392
10888320	971075	"Jabari"	"Bronx"	20	8.02	80.19	19.81	247	"Entire home/apt"	1	2462.8	3594.9	167	162	329
553565	567226	"Yah"	"Manhattan"	96	8.56	85.59	14.41	231	"Entire home/apt"	10	1800.5	3065.6	293	281	574
10153267	52110593	"Scott"	"Brooklyn"	91	8.59	85.91	14.09	243	"Entire home/apt"	1	2174.7	3706.3	355	335	690
17618772	10015020	"Jonathan"	"Brooklyn"	68	7.96	79.6	20.4	252	"Entire home/apt"	2	2514.7	2572.5	54	56	110
8693545	42421006	"Jose"	"Manhattan"	101	9.45	94.45	5.55	206	"Private room"	1	1537.7	3098.9	331	315	646
1895795	4522887	"Vicky"	"Brooklyn"	83	8.24	82.42	17.58	134	"Shared room"	1	1117.5	2425.5	180	174	354
8989542	46959721	"Katelyn"	"Manhattan"	84	9.48	94.76	5.24	332	"Entire home/apt"	2	2918.6	5518.9	360	338	698
14186028	85974062	"Josh"	"Brooklyn"	106	9.72	97.23	2.77	263	"Entire home/apt"	1	2544.3	3030.4	250	241	491
17666014	53286987	"Amy"	"Queens"	24	9.85	98.5	1.5	183	"Private room"	1	1637.4	2492	9	16	25
13859059	79682330	"Maria"	"Brooklyn"	89	9.16	91.63	8.37	154	"Private room"	1	1436.3	2774	354	334	688
12582348	34546087	"Rina"	"Queens"	48	9.82	98.2	1.8	183	"Private room"	1	1721.3	2461	9	16	25
6349111	10562062	"Dajana"	"Manhattan"	25	9.39	93.89	6.11	299	"Private room"	2	2288.7	4674.5	0	18	18
1934447	8152965	"Samantha"	"Manhattan"	97	9.45	94.46	5.54	196	"Private room"	2	1514.4	2248.6	227	219	446
2563611	1163315	"Craig"	"Manhattan"	78	9.34	93.43	6.57	255	"Private room"	1	1919.8	3862.5	28	32	60
1960358	10129919	"Jorge"	"Brooklyn"	138	8.93	89.28	10.72	214	"Entire home/apt"	2	2112.3	2699.9	151	147	298
15692740	62763569	"Yuting"	"Brooklyn"	58	9.78	97.76	2.24	185	"Private room"	3	1609.5	2444	0	9	9
1217046	645887	"Theresa"	"Brooklyn"	125	9.68	96.82	3.18	318	"Entire home/apt"	3	3616.9	4661.7	301	288	589
10525911	41177070	"Dennis"	"Brooklyn"	88	9.67	96.7	3.3	332	"Entire home/apt"	3	3468.5	6733.2	11	17	28
2933406	14978241	"Audrey"	"Manhattan"	98	9.21	92.07	7.93	254	"Entire home/apt"	2	2363.3	5255.2	21	26	47
17420988	117831429	"Elliott"	"Brooklyn"	79	9.79	97.87	2.13	176	"Private room"	1	1577.8	2666.3	20	25	45
2141411	10928534	"Lexi & Arden"	"Manhattan"	119	9.33	93.33	6.67	228	"Private room"	1	1683.4	2882.9	50	52	102
13587368	78128452	"Yaya"	"Brooklyn"	72	9.65	96.48	3.52	248	"Private room"	2	2015.9	4374.9	171	166	337
15916931	34608427	"MariaLuisa"	"Manhattan"	82	9.35	93.54	6.46	223	"Private room"	3	1697.4	3245.7	146	142	288
14894267	10459594	"S."	"Manhattan"	32	9.38	93.81	6.19	292	"Entire home/apt"	7	4693	4908.1	59	61	120
6654202	34824417	"Kate"	"Manhattan"	88	8.31	83.12	16.88	287	"Entire home/apt"	3	3361.9	4640.9	171	166	337
2565071	3343457	"Don"	"Manhattan"	96	9.35	93.51	6.49	252	"Private room"	3	1861.5	3656.3	278	267	545
9196408	47838741	"Ibrahima"	"Manhattan"	52	8.87	88.73	11.27	199	"Private room"	5	1498.7	3148.9	63	64	127
13034660	45093006	"Jess"	"Queens"	39	9.86	98.57	1.43	272	"Entire home/apt"	1	3919.8	3866.8	330	315	645
15544377	9243105	"Sam & Emily"	"Brooklyn"	90	9.64	96.38	3.62	200	"Private room"	2	1711.4	2270.4	4	12	16
5694862	12419033	"Rachel"	"Brooklyn"	103	9.07	90.71	9.29	260	"Private room"	1	2190.1	3548.3	336	319	655
15805484	23831238	"Liz"	"Manhattan"	84	9.36	93.59	6.41	300	"Entire home/apt"	3	4189.8	3759.6	16	21	37
646486	3240533	"Lily"	"Manhattan"	97	9.27	92.72	7.28	307	"Entire home/apt"	4	2432.2	4151.2	0	16	16
14987516	94467583	"Cliff"	"Queens"	46	9.76	97.63	2.37	222	"Entire home/apt"	1	3076.1	4512.2	90	90	180
7075103	37096607	""	"Manhattan"	60	9.3	93.04	6.96	286	"Entire home/apt"	2	5079.4	4346	0	15	15
16500072	108393975	"Hazem"	"Manhattan"	64	9.35	93.47	6.53	326	"Private room"	1	2515.2	4985.1	90	90	180
3196836	10135066	"Luis"	"Brooklyn"	41	9.55	95.47	4.53	274	"Entire home/apt"	1	4295.1	3392.5	116	114	230
10165663	52183960	"Michael & Bethany"	"Brooklyn"	112	8.91	89.07	10.93	249	"Entire home/apt"	2	3919	3488.8	179	174	353
1229484	6706914	"Leanne"	"Brooklyn"	50	9.71	97.08	2.92	114	"Private room"	1	1331.8	1689.7	0	14	14
246896	1217923	"Kevin"	"Brooklyn"	88	9.57	95.66	4.34	206	"Private room"	3	1796	3070.2	365	336	701
2371632	10721506	"Lee & Kumar"	"Queens"	73	8.96	89.6	10.4	237	"Entire home/apt"	3	2202.6	3660.3	251	242	493
15812102	101878015	"Aude"	"Brooklyn"	71	8.13	81.29	18.71	136	"Private room"	1	1382.7	2016	221	214	435
834871	1304923	"Tim"	"Queens"	65	8.95	89.54	10.46	230	"Entire home/apt"	4	2615.3	3371.5	347	328	675
3924619	1216362	"Camila And Emmie"	"Brooklyn"	92	8.05	80.46	19.54	255	"Private room"	1	2148.7	3372.8	365	334	699
7957397	7990949	"Bethel"	"Brooklyn"	60	9.57	95.65	4.35	211	"Entire home/apt"	4	4735.5	3431.7	0	23	23
14236416	20132009	"Karen"	"Manhattan"	83	9.43	94.26	5.74	274	"Entire home/apt"	3	3305.9	3017.6	143	140	283
8106774	7380428	"Mel"	"Manhattan"	101	8.27	82.69	17.31	282	"Entire home/apt"	7	2526.6	4538.8	95	94	189
18019458	110136578	"Chris"	"Manhattan"	31	9.44	94.44	5.56	308	"Entire home/apt"	1	3718.9	4630.1	124	122	246
478385	2368133	"Jimmy"	"Manhattan"	116	9.19	91.92	8.08	277	"Entire home/apt"	3	2331.4	4733.3	310	296	606
15787497	102122853	"Afak"	"Queens"	47	9.83	98.33	1.67	173	"Private room"	2	1636.2	1988.3	72	73	145
13743061	33924634	"Drew"	"Manhattan"	104	9.49	94.9	5.1	333	"Entire home/apt"	2	3128.5	4703.1	327	312	639
7893768	9772800	"Tania"	"Brooklyn"	119	9.6	96.01	3.99	175	"Private room"	1	1611.3	2232.6	279	268	547
5477842	2294656	"Kirby"	"Brooklyn"	106	9.71	97.15	2.85	249	"Private room"	1	2007.9	4336.8	283	272	555
3859690	900415	"Kersten"	"Brooklyn"	127	9.16	91.6	8.4	207	"Private room"	4	1738.1	2750	1	9	10
411525	1697784	"Jonathan And Sarah"	"Brooklyn"	115	9.57	95.74	4.26	206	"Private room"	4	1750.1	2063.9	266	256	522
11945842	63784329	"Avis"	"Manhattan"	83	9.51	95.12	4.88	221	"Private room"	3	1606.8	2780.4	312	298	610
9370370	48618336	"Yvonne"	"Queens"	62	8.95	89.51	10.49	201	"Entire home/apt"	365	2058.8	2419.9	322	308	630
16136287	15863391	"Cyril"	"Brooklyn"	74	8.33	83.31	16.69	185	"Private room"	3	1622	2454.5	32	36	68
894093	4644172	"Sheena"	"Queens"	67	9.8	98.04	1.96	168	"Private room"	1	1546.8	3121.5	347	328	675
3891031	20133610	"Shi Qing"	"Manhattan"	87	8.54	85.39	14.61	267	"Private room"	365	2007.3	4967.2	365	336	701
2266098	13670664	"Chloe"	"Manhattan"	86	9.49	94.89	5.11	256	"Private room"	1	1912	4111.9	139	136	275
6973159	4225192	"Gaby"	"Brooklyn"	55	8.35	83.5	16.5	150	"Private room"	1	1469.8	765.9	0	11	11
5303100	25854571	"Bryn"	"Brooklyn"	75	9.63	96.3	3.7	170	"Private room"	1	1508.4	2649.2	0	18	18
9969761	6509618	"Lauren"	"Manhattan"	96	9.06	90.58	9.42	292	"Entire home/apt"	1	4169.6	4455.9	177	172	349
646391	147388	"Mary & Juan"	"Brooklyn"	105	8.83	88.27	11.73	160	"Shared room"	4	1181.4	3236.8	11	17	28
1055674	4218130	"Tammy"	"Manhattan"	87	9.31	93.14	6.86	300	"Entire home/apt"	1	2860	4509.3	138	135	273
16101054	13224803	"Roxana"	"Manhattan"	74	9.5	95.01	4.99	292	"Entire home/apt"	4	2244.1	4739.8	4	12	16
4620262	1599319	"Lakshmi"	"Manhattan"	77	9.3	93.01	6.99	192	"Private room"	7	1469.3	3482.7	0	30	30
602888	177724	"Lauren"	"Manhattan"	89	9.26	92.61	7.39	305	"Entire home/apt"	2	2334.7	4090.2	0	16	16
2175879	10953969	"Jackie"	"Manhattan"	117	8.53	85.34	14.66	299	"Entire home/apt"	3	4145.7	4946.4	244	235	479
16395047	63645243	"Remy"	"Manhattan"	76	8.82	88.16	11.84	213	"Private room"	2	1615.2	3136.2	105	104	209
12209026	7544302	"Ethan Lowens"	"Manhattan"	55	7.35	73.46	26.54	245	"Private room"	3	1863	5342.5	0	39	39
15582903	35414545	"Nick"	"Manhattan"	75	9.35	93.52	6.48	235	"Private room"	1	1760.2	4003.9	233	225	458
8045552	42488595	"Toni"	"Queens"	68	8.95	89.53	10.47	222	"Entire home/apt"	2	2547.4	3972.9	203	197	400
7966929	42037915	"Andrew"	"Brooklyn"	128	9.71	97.12	2.88	289	"Entire home/apt"	1	3172.4	3161.3	157	153	310
6909933	25009440	"Jill"	"Brooklyn"	76	8.92	89.15	10.85	294	"Entire home/apt"	2	3264.7	4846.4	0	11	11
959349	1797637	"Daniel"	"Brooklyn"	73	8.85	88.46	11.54	282	"Entire home/apt"	1	2956.3	3984	0	15	15
8956253	46810144	"Emmanoele"	"Brooklyn"	100	9.17	91.66	8.34	233	"Private room"	2	1898.1	3617.1	275	264	539
62230	302772	"Cheryl"	"Manhattan"	100	8.8	88.03	11.97	246	"Private room"	3	1843.8	2956.9	364	337	701
9835950	2409133	"Kristy"	"Brooklyn"	89	9.79	97.85	2.15	199	"Private room"	1	1717.8	3187.7	115	113	228
9725232	290908	"Claudia"	"Brooklyn"	119	8.93	89.32	10.68	260	"Entire home/apt"	6	2713.6	3731.4	141	138	279
9936109	970003	"Cyntia"	"Manhattan"	49	9.17	91.65	8.35	304	"Entire home/apt"	3	2998.8	4148.2	0	21	21
17283498	1358532	"Davis"	"Brooklyn"	90	9.68	96.85	3.15	218	"Private room"	2	1881.6	2429.2	62	63	125
3299862	9487431	"Ignacio"	"Brooklyn"	97	7.82	78.25	21.75	219	"Private room"	3	1849.5	2872.7	250	241	491
16725242	85001260	"Valentin"	"Brooklyn"	40	8.15	81.51	18.49	131	"Private room"	1	1359	2138.8	0	18	18
18240632	64425305	"Links"	"Bronx"	48	8.46	84.56	15.44	198	"Private room"	2	1768.5	1871	362	338	700
18269478	15268521	"Siddharth"	"Manhattan"	59	9.35	93.5	6.5	312	"Entire home/apt"	1	2789.5	4588.2	154	150	304
16617969	7005192	"James"	"Manhattan"	51	9.39	93.93	6.07	248	"Entire home/apt"	7	3553.4	3529.4	0	13	13
17629529	103619582	"Alejandro"	"Brooklyn"	74	9.09	90.93	9.07	197	"Private room"	4	1662	3281.3	177	172	349
9436315	13852604	"Meg"	"Brooklyn"	63	8.7	86.98	13.02	266	"Entire home/apt"	2	2287	3688.8	316	302	618
10341932	43865673	"Amos N. And Carol"	"Manhattan"	109	9.49	94.91	5.09	403	"Entire home/apt"	2	3836.2	6750.1	308	295	603
14886702	55977047	"Kristina"	"Brooklyn"	67	9.79	97.87	2.13	198	"Private room"	5	1714.2	2327.7	0	9	9
10086885	49081011	"Tamara"	"Brooklyn"	89	8.71	87.1	12.9	225	"Entire home/apt"	2	2849.9	3285.6	349	329	678
11707576	818753	"Jamie"	"Manhattan"	73	8.55	85.48	14.52	234	"Private room"	2	1753.2	3465.6	0	27	27
13168323	73569675	"Luke"	"Brooklyn"	72	5.79	57.91	42.09	209	"Entire home/apt"	4	2227.2	2483.5	116	114	230
11971212	38378616	"Eleni"	"Brooklyn"	81	9.67	96.7	3.3	214	"Private room"	1	1760.1	2030.8	0	15	15
6237443	32305413	"Laurence"	"Brooklyn"	116	9.64	96.45	3.55	225	"Private room"	3	1863.2	3544.6	43	46	89
15068460	94682993	"Sheila"	"Manhattan"	63	9.5	95.04	4.96	315	"Private room"	3	2426.1	5201.5	364	336	700
14152618	41577716	"Terri"	"Manhattan"	89	9.1	90.97	9.03	289	"Entire home/apt"	2	3976.9	4337.5	93	92	185
6384383	1245695	"Chris"	"Manhattan"	75	9.5	94.99	5.01	303	"Private room"	1	2336.9	2866.9	364	336	700
9733227	4396337	"Nicolo"	"Brooklyn"	64	9.52	95.2	4.8	285	"Entire home/apt"	14	2642.7	3942.9	0	32	32
9411206	48797771	"Vik"	"Manhattan"	111	8.39	83.86	16.14	356	"Entire home/apt"	1	3356.9	6277.4	260	250	510
18054022	7748187	"Adam"	"Manhattan"	54	9.45	94.49	5.51	259	"Private room"	1	1934.5	4192.6	56	58	114
7345868	38483415	"Florentino"	"Manhattan"	111	7.18	71.79	28.21	298	"Entire home/apt"	1	3215.1	4091.1	233	225	458
17285141	116592039	"Fairy & J"	"Brooklyn"	86	9.52	95.18	4.82	272	"Entire home/apt"	2	3436.1	3603	1	10	11
12731689	1911171	"Justin"	"Manhattan"	89	8.3	83.05	16.95	323	"Entire home/apt"	2	2713.5	4258.4	64	65	129
16011441	101602599	"M"	"Queens"	37	9.79	97.9	2.1	246	"Entire home/apt"	3	2117.2	4239.1	364	337	701
11671236	48142178	"Pedro & Gabrielle"	"Queens"	68	9.23	92.3	7.7	198	"Private room"	1	1819.7	2482.4	344	325	669
14786665	12846490	"Ben"	"Brooklyn"	79	8.75	87.55	12.45	188	"Entire home/apt"	3	1899.9	2520.1	97	96	193
1096511	364499	"If??"	"Manhattan"	136	8.82	88.16	11.84	225	"Private room"	2	1709.3	4028.7	330	315	645
8800573	20761725	"Aldana"	"Brooklyn"	71	9.68	96.82	3.18	284	"Entire home/apt"	2	3152.2	3968.4	363	339	702
11159093	57466132	"Kevin"	"Brooklyn"	64	9.74	97.43	2.57	192	"Private room"	2	1672.8	1924.2	267	257	524
1785187	8222814	"Rock"	"Manhattan"	127	9.26	92.56	7.44	241	"Private room"	3	1780.9	3789.2	278	267	545
5784146	19446943	"Roger"	"Manhattan"	78	8.45	84.49	15.51	335	"Entire home/apt"	365	3665.9	4450.7	264	254	518
16069583	104689955	"Sonya"	"Brooklyn"	99	9.15	91.47	8.53	171	"Private room"	2	1537.4	2737.5	75	76	151
15547268	9270292	"Kyle"	"Brooklyn"	77	9.68	96.82	3.18	275	"Entire home/apt"	2	3235.6	4600.8	175	170	345
7637047	15090552	"Max"	"Manhattan"	68	9.46	94.6	5.4	287	"Entire home/apt"	1	2428.1	3881	0	11	11
9173061	8167329	"Katie"	"Manhattan"	82	9.23	92.3	7.7	235	"Entire home/apt"	1	2024.5	3448.1	0	18	18
4839016	24903878	"Herbie"	"Manhattan"	44	9.44	94.38	5.62	275	"Private room"	1	2027.2	3257.8	22	26	48
1988823	10256663	"Rachel"	"Manhattan"	116	8.3	83	17	283	"Entire home/apt"	2	2888.9	4634.9	116	114	230
11343850	16792201	"Ileana"	"Manhattan"	74	9.47	94.72	5.28	277	"Private room"	3	2069.6	4499.7	11	17	28
195578	304493	"Erika"	"Brooklyn"	99	9.63	96.28	3.72	200	"Private room"	1	1713.7	3996.2	92	91	183
2194263	6165258	"Gita"	"Manhattan"	90	8.8	87.97	12.03	222	"Private room"	1	1634	3721.2	365	333	698
3106001	14876123	"Israel"	"Manhattan"	90	9.04	90.41	9.59	256	"Entire home/apt"	1	4195.4	3341.9	9	16	25
1546518	66193	"Brennan"	"Brooklyn"	134	8.87	88.67	11.33	337	"Entire home/apt"	2	3395.8	4366.1	81	81	162
13847526	81754218	"Yaffa"	"Brooklyn"	109	9.63	96.32	3.68	239	"Entire home/apt"	2	5017.9	1925.1	123	121	244
3268008	16525423	"Matt"	"Manhattan"	100	9.03	90.32	9.68	309	"Entire home/apt"	2	3096.3	4955.8	338	321	659
8024	22486	"Lisel"	"Brooklyn"	125	9.6	96.03	3.97	262	"Private room"	2	2192.2	4361.1	277	266	543
4860876	2503221	"Shuang"	"Brooklyn"	106	9.67	96.73	3.27	337	"Entire home/apt"	2	4780	4937	300	288	588
6184827	1912541	"Clayton"	"Brooklyn"	86	8.71	87.06	12.94	244	"Entire home/apt"	2	2395.8	3526.2	0	24	24
13547426	68733807	"Tracey"	"Brooklyn"	66	8.93	89.32	10.68	222	"Entire home/apt"	3	2714	2781.8	0	10	10
17298736	116703956	"Russell"	"Queens"	47	9.22	92.18	7.82	167	"Private room"	1	1578.1	2687.6	229	221	450
812462	1785800	"Marvet"	"Brooklyn"	78	8.91	89.11	10.89	182	"Private room"	5	1550.3	3228	358	337	695
11077282	38068387	"Xolie"	"Brooklyn"	101	8.84	88.39	11.61	270	"Entire home/apt"	2	2427.4	4725.6	327	312	639
3924506	452781	"Lian"	"Brooklyn"	85	9.7	96.98	3.02	217	"Private room"	1	1821.3	3286.2	0	14	14
12686241	30848788	"Jamie"	"Brooklyn"	95	9.02	90.23	9.77	160	"Private room"	2	1477.5	1791.6	89	89	178
13895453	82174908	"Eti"	"Manhattan"	105	6.92	69.16	30.84	360	"Entire home/apt"	1	3082.1	5793.6	160	156	316
4315562	6544582	"Matt"	"Brooklyn"	118	8.89	88.91	11.09	306	"Entire home/apt"	3	2964.7	5311.3	358	337	695
8763502	45955013	"Jason"	"Brooklyn"	119	8.65	86.54	13.46	273	"Entire home/apt"	2	2339.1	3709.1	130	127	257
17643715	11869046	"Mathias"	"Brooklyn"	65	9.72	97.16	2.84	254	"Private room"	1	2146	3629.4	320	306	626
15237705	85109278	"Randolf"	"Queens"	54	9.22	92.23	7.77	193	"Private room"	2	1724.8	2517.9	349	329	678
7017123	1163315	"Craig"	"Manhattan"	70	8.83	88.27	11.73	297	"Private room"	1	2286	4248.9	0	13	13
8753832	21180442	"Ed"	"Manhattan"	104	8.88	88.84	11.16	242	"Private room"	1	1808.9	4582.4	334	318	652
8409459	43108922	"Robbin"	"Brooklyn"	107	9.64	96.38	3.62	276	"Entire home/apt"	3	4254.4	3740.1	292	280	572
13495459	77374803	"Alessa"	"Manhattan"	58	9.04	90.4	9.6	297	"Entire home/apt"	5	2738.8	5479.6	61	62	123
12630490	68585220	"Drew"	"Queens"	59	8.98	89.85	10.15	239	"Entire home/apt"	1	3315.9	3620.8	325	310	635
14015346	28719517	"Katherine"	"Manhattan"	81	9	89.99	10.01	295	"Entire home/apt"	1	3040.4	4318.5	0	37	37
587698	807642	"Jeffrey"	"Brooklyn"	98	9.63	96.28	3.72	202	"Private room"	2	1739.1	3237.2	258	249	507
4662784	21688465	"William"	"Brooklyn"	121	7.74	77.41	22.59	336	"Entire home/apt"	2	3874.7	5598.5	265	255	520
16393396	5454075	"Sean  // Jon"	"Manhattan"	28	9.3	93.01	6.99	286	"Entire home/apt"	7	2253.6	4491.7	80	80	160
11649096	31307789	"Luffy"	"Queens"	50	9.24	92.4	7.6	169	"Private room"	15	1606.8	2748.3	180	174	354
13289834	140590	"Fraulein"	"Brooklyn"	82	8.75	87.52	12.48	259	"Entire home/apt"	4	2325.2	3491.6	104	103	207
7757589	10618598	"Alysha"	"Manhattan"	92	9.07	90.68	9.32	333	"Entire home/apt"	2	4320.5	5332.5	276	265	541
15790816	70963475	"Ji"	"Manhattan"	75	7.61	76.06	23.94	223	"Private room"	7	1676	3939.1	87	87	174
4244634	68578	"Rei"	"Brooklyn"	131	7.45	74.5	25.5	251	"Entire home/apt"	4	2323.1	3938.4	34	37	71
627432	3114411	"Stephen & Carla"	"Manhattan"	107	9.4	94.01	5.99	294	"Entire home/apt"	4	2232.1	4055.2	272	262	534
11370047	6669178	"Jay"	"Manhattan"	76	8.76	87.6	12.4	230	"Private room"	2	1693.4	2412.5	336	319	655
441860	2195782	""	"Brooklyn"	143	8.1	81.01	18.99	221	"Private room"	2	1858.7	3359.2	186	180	366
1556896	8288006	"Joyce"	"Manhattan"	79	9.31	93.06	6.94	294	"Entire home/apt"	7	2713.6	4336.1	189	183	372
16445930	27192086	"Asad"	"Brooklyn"	85	7.9	79.03	20.97	202	"Private room"	1	1753.8	3239.9	361	338	699
3403034	17161465	"Judette"	"Manhattan"	100	7.23	72.34	27.66	222	"Entire home/apt"	365	2011.8	3814.3	193	187	380
17698595	3480784	"Itzi"	"Brooklyn"	70	9.64	96.45	3.55	179	"Private room"	2	1607.2	2294.2	317	303	620
4059214	14413010	"Chris"	"Brooklyn"	126	7.87	78.68	21.32	192	"Private room"	1	1622.1	2337.5	287	275	562
10136996	51913826	"The Bowery House"	"Manhattan"	103	8.81	88.1	11.9	206	"Private room"	1	1618.5	3578.1	360	338	698
15819031	37433861	"Matthew"	"Queens"	38	8.95	89.48	10.52	245	"Entire home/apt"	1	2531.3	2736.2	58	60	118
17778426	81167930	"Larry"	"Brooklyn"	85	7.6	76.02	23.98	284	"Entire home/apt"	1	3456	4650.6	123	121	244
11992348	38461357	"Henry"	"Bronx"	12	4.88	48.77	51.23	240	"Entire home/apt"	7	2942.6	4161.7	365	336	701
823880	69685	"Anja"	"Manhattan"	137	8.81	88.14	11.86	207	"Private room"	1	1555.2	3339	43	46	89
7620114	11774451	"Jorge"	"Queens"	41	8.96	89.56	10.44	293	"Entire home/apt"	3	2894.1	3938.4	197	191	388
13923165	69376422	"Abbey"	"Manhattan"	70	9.43	94.33	5.67	150	"Private room"	2	1272.9	2558.8	0	14	14
16905585	112851539	"Jia"	"Manhattan"	86	9.25	92.46	7.54	315	"Entire home/apt"	4	3407.2	4557.7	262	252	514
13513223	77573592	"Rene"	"Manhattan"	62	9.5	94.99	5.01	276	"Private room"	7	2073.4	3172	358	337	695
8424178	25363769	"Darlene"	"Brooklyn"	103	8.89	88.87	11.13	307	"Entire home/apt"	2	3341.6	4244.4	149	145	294
17712115	120720914	"Roshan"	"Brooklyn"	68	9.61	96.12	3.88	123	"Private room"	1	1321.9	2454.1	311	297	608
8790941	46065617	"Hilah Hadaway"	"Brooklyn"	79	9	89.99	10.01	276	"Private room"	1	2204.5	4423.6	364	337	701
15296557	11757212	"Christina"	"Brooklyn"	91	8.96	89.63	10.37	171	"Private room"	2	1499.4	2175.2	278	267	545
4787201	7365719	"Annika"	"Brooklyn"	86	7.58	75.76	24.24	276	"Entire home/apt"	3	3004.9	4175.3	52	54	106
7480066	4336763	"Lary"	"Brooklyn"	58	9.55	95.52	4.48	264	"Entire home/apt"	1	2351.6	4843.2	0	27	27
4716376	21088743	"Connie"	"Queens"	54	9.81	98.09	1.91	248	"Private room"	1	2149.1	4736.7	32	36	68
1491991	7959444	"Molly"	"Brooklyn"	91	9.64	96.41	3.59	314	"Entire home/apt"	1	3083.9	4242.2	237	229	466
6570770	34366733	"Lee"	"Manhattan"	64	9.05	90.54	9.46	286	"Entire home/apt"	13	2715.1	4298.1	350	330	680
320900	836488	"Chelsea Home- Highline & Subway!"	"Manhattan"	146	9.25	92.45	7.55	297	"Entire home/apt"	3	2478.1	4940.9	252	243	495
1747440	4069585	"Liz"	"Brooklyn"	123	9.53	95.33	4.67	287	"Entire home/apt"	2	2441	4078.3	356	336	692
13282553	22656176	"Gabrielle"	"Manhattan"	47	9.28	92.79	7.21	296	"Entire home/apt"	1	3083.9	3693.2	0	16	16
2238030	11160340	"Jerome"	"Manhattan"	78	6.54	65.4	34.6	235	"Entire home/apt"	3	2396.4	4091.3	0	26	26
13669391	79340220	"Kathryn"	"Bronx"	19	9.88	98.8	1.2	213	"Entire home/apt"	1	4363.6	1612.9	309	296	605
15760197	42021173	"Aoife"	"Brooklyn"	63	9.73	97.35	2.65	176	"Private room"	5	1537.8	2869.5	0	12	12
15436190	98978751	"Liv"	"Brooklyn"	82	9.75	97.51	2.49	186	"Private room"	1	1626	3505.2	274	264	538
8032689	2073942	"Miriam"	"Brooklyn"	41	9.6	96.01	3.99	275	"Entire home/apt"	1	2499.1	4313.8	0	19	19
4753182	4225532	"Jon"	"Brooklyn"	99	8.77	87.66	12.34	239	"Entire home/apt"	1	2529.6	3394.6	36	39	75
2709503	5140339	"Anibal"	"Brooklyn"	76	8.09	80.89	19.11	238	"Private room"	365	1967.7	3224	90	90	180
9476397	40503875	"Hebert"	"Queens"	58	9.85	98.47	1.53	192	"Private room"	1	1675.2	3537.9	50	52	102
9264919	48126798	"Erry And Laverne"	"Brooklyn"	108	7.9	78.95	21.05	235	"Entire home/apt"	2	3231.3	4263.6	293	281	574
16018227	99487833	"Adrian"	"Manhattan"	70	9.13	91.3	8.7	294	"Entire home/apt"	2	2453.6	5102.2	39	42	81
17009542	114027049	"Abraham"	"Brooklyn"	45	9.63	96.31	3.69	190	"Shared room"	1	1387.4	2766.2	53	55	108
16135198	105259235	"Amee"	"Manhattan"	91	9.47	94.72	5.28	209	"Private room"	6	1535.2	2967.2	19	24	43
4482049	10606002	"Sophie"	"Brooklyn"	87	9.53	95.31	4.69	304	"Entire home/apt"	2	2729.1	4477.3	0	30	30
9813715	6387040	"Ella"	"Brooklyn"	90	9.66	96.56	3.44	220	"Private room"	3	1863.9	3703.6	0	15	15
6461789	33746505	"Viktoriya"	"Brooklyn"	110	9.54	95.42	4.58	181	"Private room"	1	1638	2640.4	348	328	676
801260	4191725	"Efrain"	"Brooklyn"	60	9.53	95.29	4.71	177	"Private room"	365	1576.7	2713.6	364	339	703
3907603	14890430	"Evy"	"Brooklyn"	123	8.99	89.93	10.07	201	"Private room"	3	1731.7	2255.9	330	315	645
10572399	54535423	"Kristina"	"Manhattan"	35	9.42	94.21	5.79	236	"Entire home/apt"	2	2551.9	4054.5	359	337	696
6045408	31373192	"Wei"	"Manhattan"	82	9.32	93.21	6.79	277	"Entire home/apt"	1	4213.7	4252.2	8	15	23
16120533	56878925	"Joyce"	"Brooklyn"	82	8.77	87.68	12.32	157	"Shared room"	1	1172.2	2723.1	7	14	21
12069335	20161989	"Zhenni"	"Brooklyn"	67	9.53	95.26	4.74	218	"Private room"	3	1849.4	3837.3	365	336	701
5659666	29336125	"Don"	"Brooklyn"	100	8.74	87.36	12.64	252	"Entire home/apt"	3	2403.3	4036.7	102	101	203
2757138	14104350	"Irving"	"Brooklyn"	104	7.87	78.68	21.32	313	"Entire home/apt"	3	4547.9	5560.6	352	332	684
15336336	97768365	"Christina"	"Queens"	44	9.8	98.04	1.96	273	"Entire home/apt"	1	2354.2	4996.6	107	106	213
13785938	15197019	"Kate"	"Manhattan"	67	8.48	84.82	15.18	235	"Entire home/apt"	2	2044.9	3386	0	13	13
2649068	13561853	"Olivera"	"Queens"	64	9.8	97.97	2.03	201	"Private room"	3	1763.3	2966.3	73	74	147
4796070	24715671	"Julia"	"Manhattan"	102	8.45	84.52	15.48	332	"Entire home/apt"	3	3283.7	5011.3	322	308	630
2250819	1532337	"Monica"	"Bronx"	17	9.89	98.94	1.06	155	"Private room"	10	1504.2	1788.7	132	129	261
202273	918087	"Kestrel"	"Brooklyn"	122	7.92	79.16	20.84	204	"Private room"	4	1691.3	3874.2	124	122	246
15165610	23317355	"Trish"	"Brooklyn"	49	9.07	90.65	9.35	144	"Private room"	3	1397.9	1927.5	89	89	178
7311209	1641537	"Lauren"	"Brooklyn"	71	8.98	89.8	10.2	180	"Private room"	2	1613.4	1866.2	0	20	20
16997622	104849234	"Kayla"	"Brooklyn"	67	9.01	90.06	9.94	232	"Private room"	2	1974.5	2935.4	25	29	54
13037692	66326553	"Pierre"	"Manhattan"	101	9.26	92.63	7.37	331	"Entire home/apt"	2	3499.1	3601.4	277	266	543
12228859	5138621	"Clare"	"Manhattan"	34	9.39	93.92	6.08	269	"Entire home/apt"	2	2723	4220.5	0	13	13
9433088	34236533	"Stan"	"Brooklyn"	109	8.94	89.43	10.57	321	"Entire home/apt"	5	4117.3	5166.8	170	165	335
11153954	57995737	"Remi O."	"Manhattan"	57	9.1	91.03	8.97	217	"Entire home/apt"	5	1624.7	3676.3	0	26	26
15774210	14370	"Misha"	"Brooklyn"	66	9.6	95.97	4.03	260	"Entire home/apt"	6	2901.1	3642.7	63	64	127
146726	709334	"Julie"	"Manhattan"	91	8.2	82.05	17.95	287	"Entire home/apt"	2	2336.3	4185.3	211	205	416
3697432	18836774	"Jime"	"Manhattan"	105	9.51	95.08	4.92	212	"Private room"	1	1615.2	2934.9	348	328	676
7900437	32828988	"Annie"	"Manhattan"	76	6.85	68.55	31.45	243	"Entire home/apt"	15	3180.1	4895.1	0	22	22
13760482	18819308	"Walker"	"Manhattan"	102	9.47	94.73	5.27	242	"Private room"	1	1816.8	4692.9	2	10	12
9302708	31044879	"Ara"	"Queens"	51	9.18	91.81	8.19	214	"Private room"	3	1827.5	2851.6	349	329	678
1475661	7897301	"Rickey"	"Queens"	51	8.96	89.58	10.42	268	"Entire home/apt"	2	2366.6	4565.3	90	89	179
18272189	14325632	"Sil"	"Brooklyn"	86	9.58	95.77	4.23	289	"Private room"	2	2406.6	3677	336	320	656
3868052	5771736	"John"	"Brooklyn"	90	9.66	96.62	3.38	317	"Entire home/apt"	3	2743.3	4924.2	104	103	207
7858673	31304940	"John"	"Brooklyn"	108	9.76	97.61	2.39	191	"Private room"	2	1709.6	2106.4	111	110	221
12262453	33375984	"Meklit"	"Manhattan"	71	8.62	86.17	13.83	212	"Private room"	2	1582.1	3096.7	0	23	23
1328080	7207602	"Mike"	"Manhattan"	129	9.37	93.72	6.28	221	"Shared room"	1	1375.3	4036.3	93	92	185
4621923	7947211	"Meredith"	"Brooklyn"	98	8.72	87.23	12.77	274	"Entire home/apt"	1	3231.4	4374	124	122	246
10041376	51542781	"Jessica"	"Manhattan"	48	9.28	92.8	7.2	250	"Entire home/apt"	3	2356.6	4720.9	0	16	16
2586484	6970030	"Wendy"	"Manhattan"	97	8.47	84.74	15.26	227	"Private room"	3	1666.8	3253	127	124	251
2925007	14930910	"Nancy"	"Bronx"	48	8.02	80.16	19.84	259	"Entire home/apt"	2	2653.2	3107.3	358	337	695
16570978	107053757	"Neena"	"Queens"	44	9.8	97.97	2.03	281	"Entire home/apt"	1	2420.9	3604.2	77	78	155
4755815	24541528	"Wendell"	"Brooklyn"	103	7.84	78.4	21.6	218	"Entire home/apt"	2	2556.4	3622.4	350	330	680
12917057	26476746	"Zach"	"Manhattan"	73	9.17	91.68	8.32	256	"Entire home/apt"	4	3259.3	5449.8	0	20	20
8681709	1644914	"Obi"	"Manhattan"	61	9.52	95.18	4.82	236	"Shared room"	1	1433.6	4363.8	0	12	12
9342332	66280	"Bari"	"Brooklyn"	92	8.92	89.18	10.82	260	"Entire home/apt"	1	2203.6	4846.7	154	150	304
11928713	3274929	"Agustin"	"Brooklyn"	81	9.6	96	4	126	"Shared room"	1	1103.7	2070.9	46	49	95
8905011	6534068	"Omer"	"Queens"	53	9.79	97.9	2.1	235	"Entire home/apt"	1	2794.5	3789.1	339	321	660
8385064	26080	"Dmitriy"	"Manhattan"	50	9.47	94.7	5.3	231	"Entire home/apt"	5	3726.1	2654.5	0	10	10
3984821	1110208	"Kat"	"Brooklyn"	106	8.95	89.47	10.53	275	"Entire home/apt"	3	2338.7	4354.9	0	9	9
9532435	49377339	"George"	"Brooklyn"	113	9.52	95.2	4.8	286	"Entire home/apt"	4	3045.7	5329.4	97	96	193
13276614	74506025	"Will"	"Manhattan"	91	8.76	87.64	12.36	214	"Private room"	1	1551.8	4459.9	53	55	108
16703220	104302320	"Andrew"	"Queens"	22	9.76	97.59	2.41	293	"Entire home/apt"	3	3281.4	5068	233	225	458
4446024	10511660	"Nicole"	"Manhattan"	70	9.42	94.22	5.78	319	"Private room"	1	2504	4319.3	365	332	697
705783	105884	"Jordan"	"Brooklyn"	109	8.74	87.43	12.57	299	"Entire home/apt"	2	3447	4255.5	364	337	701
7881928	12194008	"Sungjun"	"Manhattan"	64	9.22	92.19	7.81	266	"Entire home/apt"	5	2499	4260.3	0	19	19
9282691	24825981	"Jenni"	"Manhattan"	27	9.46	94.6	5.4	209	"Private room"	7	1610.6	3606.5	0	13	13
13682689	5568525	"Alexander"	"Manhattan"	75	9.45	94.47	5.53	249	"Private room"	2	1822	4754.1	0	13	13
7637472	24170584	"Lauren"	"Manhattan"	70	8.49	84.91	15.09	237	"Private room"	2	1742.5	4343.6	0	35	35
13125371	72948753	"Jacob"	"Manhattan"	79	8.56	85.62	14.38	303	"Entire home/apt"	1	2405.1	5097.3	182	176	358
14170000	85764058	"Jacqueline"	"Manhattan"	52	9.4	94.02	5.98	222	"Private room"	12	1642.7	3021.3	337	320	657
15833574	102526590	"Edward"	"Staten Island"	58	9.51	95.11	4.89	201	"Entire home/apt"	2	2306.4	2239.2	184	178	362
1492856	6885157	"Randy"	"Brooklyn"	114	9.07	90.71	9.29	182	"Private room"	1	1639.1	1921.4	330	315	645
13004967	4852748	"Michelle"	"Manhattan"	36	6.85	68.55	31.45	374	"Entire home/apt"	4	3063.9	4833.2	365	335	700
13492353	69706365	"Bernardo"	"Manhattan"	62	9.33	93.35	6.65	196	"Private room"	3	1473.5	1518.9	0	29	29
6610629	23152983	"Nicholas"	"Manhattan"	41	9.21	92.07	7.93	273	"Entire home/apt"	2	4545.6	5056.1	362	338	700
8248943	13970978	"Will"	"Brooklyn"	88	9.61	96.13	3.87	276	"Private room"	1	2211.9	3563.9	62	63	125
2870840	1668930	"Julio"	"Manhattan"	105	8.81	88.12	11.88	212	"Private room"	2	1611.1	3678.9	338	320	658
9137140	13110667	"Mario"	"Brooklyn"	72	8.04	80.39	19.61	237	"Private room"	1	1992.3	3869.5	4	12	16
9683617	44965197	"Ming"	"Brooklyn"	84	8.93	89.3	10.7	167	"Private room"	2	1498.6	2513.9	206	200	406
18375380	76398506	"Arliss"	"Brooklyn"	50	8.26	82.63	17.37	165	"Private room"	1	1490	2528.3	53	55	108
16308357	102412329	"Yana"	"Manhattan"	84	8.41	84.14	15.86	371	"Entire home/apt"	3	3443.2	6500.9	160	156	316
5885101	21364540	"Francisca"	"Brooklyn"	82	6.62	66.23	33.77	190	"Private room"	6	1621.7	2079.5	240	232	472
3835681	3339701	"Angelo"	"Queens"	82	9.22	92.2	7.8	174	"Private room"	1	1669.3	1896.9	321	307	628
8595149	45231777	"Lena"	"Manhattan"	104	9.44	94.42	5.58	274	"Entire home/apt"	3	2332.9	4893.7	88	88	176
1142034	1474508	"Samuel"	"Manhattan"	107	9.37	93.67	6.33	387	"Entire home/apt"	2	5446.5	4624.6	211	205	416
11414971	6705983	"Laurie"	"Queens"	49	9.8	98	2	240	"Entire home/apt"	2	2473.7	3191.2	0	15	15
17641436	28961530	"Nicolo"	"Manhattan"	43	9.3	93	7	295	"Entire home/apt"	4	4485.8	5446.6	228	220	448
873465	3588693	"Maria"	"Brooklyn"	94	7.49	74.87	25.13	251	"Entire home/apt"	2	3388.2	3348	122	120	242
8382660	44170892	"Harumi & Keiko"	"Brooklyn"	51	9.73	97.29	2.71	225	"Private room"	1	1869.1	2725.4	305	292	597
5656639	5790236	"Clay"	"Manhattan"	87	9.43	94.33	5.67	332	"Entire home/apt"	3	3839.8	5139.3	245	236	481
14120188	67130986	"Molly"	"Queens"	40	9.8	97.99	2.01	247	"Private room"	1	2105.6	3650.2	364	339	703
16027521	6973426	"Sylvain"	"Brooklyn"	83	9.54	95.42	4.58	255	"Entire home/apt"	2	2111.9	3198.6	32	36	68
4158078	19139700	"Tanya"	"Queens"	47	8.4	83.97	16.03	180	"Private room"	2	1684.6	2002.1	302	289	591
15870728	1674943	"Michael And Jade"	"Staten Island"	70	7.65	76.47	23.53	118	"Private room"	1	1198	1744.8	68	69	137
8830825	40828217	"Anita"	"Brooklyn"	108	8.22	82.17	17.83	200	"Private room"	1	1729.9	2762.7	75	76	151
10135104	14439022	"Cristina"	"Manhattan"	99	9.26	92.58	7.42	214	"Private room"	3	1563.7	3204	244	236	480
15055244	1732527	"Ellen & Sam"	"Brooklyn"	97	9.53	95.29	4.71	223	"Private room"	1	1886	2842.9	1	9	10
1596603	2390919	"Thor"	"Queens"	63	8.96	89.6	10.4	325	"Entire home/apt"	365	3945.9	3931.5	321	307	628
8734314	45827013	"Chiara"	"Manhattan"	47	8.43	84.32	15.68	245	"Entire home/apt"	7	3284.7	4275.2	0	16	16
9165191	16947579	"Hayet"	"Brooklyn"	61	9	89.98	10.02	156	"Private room"	3	1449	2099.8	214	207	421
17422489	117691614	"Lisa"	"Manhattan"	67	9.48	94.81	5.19	253	"Entire home/apt"	5	3491.4	3977.5	243	235	478
170847	814964	"Resy & Jay"	"Brooklyn"	106	8.97	89.73	10.27	228	"Private room"	2	1887.4	3954.1	364	337	701
16227469	65974774	"Geo"	"Manhattan"	61	9.29	92.92	7.08	277	"Private room"	1	2085.7	4611.2	360	338	698
11320246	47625541	"Jeff"	"Manhattan"	78	9.46	94.63	5.37	199	"Private room"	2	1509.4	2366.2	0	13	13
13186741	11345677	"Michelle"	"Manhattan"	76	9.39	93.91	6.09	225	"Private room"	3	1656.9	4237.1	82	82	164
3538463	17813714	"Michael And Tammy"	"Brooklyn"	121	8.87	88.69	11.31	254	"Entire home/apt"	3	2162.4	4721.3	243	235	478
13168419	375051	"Phyllis"	"Brooklyn"	101	8.89	88.95	11.05	276	"Entire home/apt"	3	2469	4364	13	19	32
15758640	5435740	"Kim & Rupert"	"Brooklyn"	97	9.61	96.11	3.89	238	"Entire home/apt"	2	2400.4	3785.3	272	262	534
14109586	4255553	"Anya"	"Manhattan"	68	9.34	93.39	6.61	292	"Entire home/apt"	2	3435.1	4953.9	0	14	14
7561314	39636434	"Peter"	"Brooklyn"	90	9.59	95.88	4.12	169	"Private room"	7	1511.6	2544.7	6	13	19
7264496	38032297	"Melissa"	"Manhattan"	76	8.11	81.09	18.91	269	"Entire home/apt"	4	2157.6	4030.8	0	34	34
6185426	5689587	"Delphine"	"Brooklyn"	99	9.79	97.92	2.08	248	"Private room"	1	2045	4141.8	45	48	93
3762842	19272788	"Pierre"	"Manhattan"	73	9.25	92.47	7.53	244	"Entire home/apt"	21	1902	3791.8	0	17	17
6467956	32167398	"Sole"	"Queens"	85	9.81	98.08	1.92	179	"Private room"	1	1668.2	2923.6	254	245	499
3945680	5928421	"Solmaz"	"Brooklyn"	83	8.93	89.3	10.7	275	"Entire home/apt"	3	2945.8	4706.5	155	151	306
6733842	35267475	"Roberto"	"Brooklyn"	107	9.17	91.7	8.3	216	"Private room"	2	1840.5	3300.1	96	95	191
10171782	37256833	"Jazzy"	"Manhattan"	85	7.58	75.84	24.16	164	"Private room"	2	1348.8	2512.4	171	166	337
6862191	17782625	"David"	"Brooklyn"	40	9.55	95.54	4.46	318	"Entire home/apt"	2	3404.8	3546.9	0	25	25
11362069	9450360	"Rick"	"Queens"	16	9.8	98.05	1.95	305	"Entire home/apt"	2	3735.4	5078.8	341	322	663
15370829	92326901	"Maryam (Sindy)"	"Queens"	70	9.22	92.21	7.79	186	"Private room"	1	1648.1	2620.1	9	16	25
11928084	11419373	"Yina"	"Bronx"	48	9.87	98.72	1.28	177	"Private room"	2	1572.9	2999.6	179	174	353
8444555	44213272	"Gema"	"Queens"	70	9.23	92.28	7.72	167	"Private room"	1	1565.2	2958	346	327	673
6573831	10641598	"Townhouse Inn"	"Manhattan"	33	9.19	91.89	8.11	307	"Entire home/apt"	1	4611.5	4330.8	124	122	246
12955534	69110555	"Shanice"	"Manhattan"	72	8.57	85.72	14.28	184	"Private room"	3	1413.4	2671.5	6	13	19
14859925	9897580	"David"	"Brooklyn"	79	7.18	71.81	28.19	167	"Private room"	2	1576.1	2535.3	308	295	603
7761394	40812084	"Chris"	"Brooklyn"	76	8.96	89.55	10.45	162	"Private room"	4	1512.8	851.4	0	27	27
16298719	106634224	"Andrei"	"Brooklyn"	79	8.36	83.63	16.37	183	"Private room"	14	1643.9	3292.6	0	10	10
9451860	48977916	"Rodney"	"Manhattan"	103	9.49	94.93	5.07	226	"Entire home/apt"	1	2102.8	3539.2	231	223	454
5858413	26812573	"Catherine"	"Manhattan"	92	8.56	85.64	14.36	249	"Private room"	1	1817.7	3391.8	359	337	696
4983691	4162067	"Citlali"	"Brooklyn"	67	6.88	68.81	31.19	235	"Private room"	4	1966.9	4447	0	20	20
13042752	62843071	"Kevin"	"Queens"	81	9.23	92.3	7.7	160	"Private room"	1	1564.1	1323.5	259	249	508
8013731	15222533	""	"Manhattan"	89	8.85	88.47	11.53	229	"Private room"	3	1752.6	3666.1	0	12	12
14106535	17379053	"Ariana & Baruch"	"Manhattan"	63	7.4	74.04	25.96	245	"Entire home/apt"	2	1939.2	3711.8	72	73	145
13082298	72571755	"Guillaume"	"Manhattan"	51	9.41	94.11	5.89	242	"Private room"	2	1856	4139.2	0	15	15
9344858	17433287	"Efrat"	"Brooklyn"	49	9.55	95.52	4.48	253	"Private room"	3	2116.2	4331.6	68	69	137
8118692	37670256	"Elaine"	"Manhattan"	69	9.12	91.24	8.76	285	"Entire home/apt"	1	2429.5	4951.5	0	22	22
7435200	17996924	"Amelia"	"Queens"	50	7.27	72.69	27.31	214	"Private room"	1	1843	2559.1	337	320	657
15092133	49111730	"Emanuel"	"Manhattan"	96	9.47	94.72	5.28	222	"Private room"	1	1646.2	4210.2	217	210	427
6836391	5087088	"Barry"	"Manhattan"	64	9.23	92.3	7.7	329	"Entire home/apt"	2	3899.2	5704.4	361	338	699
13894339	5143901	"Erin"	"Brooklyn"	55	7.96	79.59	20.41	297	"Entire home/apt"	1	2520.4	4068	14	20	34
1359513	1723557	"Olga&GianLuca"	"Manhattan"	100	9.48	94.81	5.19	249	"Private room"	2	1901.2	3003.7	328	313	641
6087959	28023382	"Edwin"	"Brooklyn"	123	9.62	96.23	3.77	238	"Entire home/apt"	1	2381.3	2823.7	335	319	654
262343	1376385	"Lauren"	"Manhattan"	110	8.4	84.01	15.99	277	"Entire home/apt"	365	2542.9	4912.4	0	19	19
11532023	60821050	"Ashley"	"Brooklyn"	34	9.61	96.07	3.93	212	"Private room"	1	1802.1	3228	0	24	24
13190078	58503744	"Rachel"	"Brooklyn"	77	9.77	97.67	2.33	192	"Private room"	2	1739.7	2872.2	13	19	32
2554749	9586465	"Lang"	"Manhattan"	124	9.17	91.67	8.33	238	"Entire home/apt"	1	2417.6	3427.8	323	309	632
872314	4601412	"Miao"	"Brooklyn"	86	8.89	88.88	11.12	184	"Private room"	3	1614.4	3550.4	158	154	312
8238926	43445916	"Amy"	"Manhattan"	114	8.71	87.15	12.85	220	"Private room"	1	1609.5	4141.6	209	203	412
10366570	53355528	"Chris"	"Manhattan"	93	8.35	83.45	16.55	259	"Entire home/apt"	2	2628.8	4661.7	338	321	659
18073785	44885098	"Anna"	"Manhattan"	63	9.04	90.42	9.58	355	"Entire home/apt"	4	3297.9	3721.5	317	303	620
6049152	19068554	"Jennifer"	"Manhattan"	76	9.42	94.2	5.8	289	"Entire home/apt"	5	3199.6	4190.7	0	12	12
699472	3587751	"(WeRe) David And Janet"	"Brooklyn"	86	8.87	88.74	11.26	289	"Entire home/apt"	1	2691.7	4908.4	326	311	637
13004002	24535712	"Jessica"	"Manhattan"	91	8.88	88.82	11.18	167	"Private room"	1	1316.1	2431.8	345	326	671
15900733	3087411	"Yaniv"	"Queens"	35	8.99	89.91	10.09	109	"Shared room"	2	1036.6	2801.6	365	328	693
72190	373085	"Hudson"	"Manhattan"	101	9.21	92.13	7.87	278	"Entire home/apt"	2	2447.5	3439.5	0	19	19
744932	137196	"Fabien"	"Manhattan"	55	9.49	94.93	5.07	336	"Entire home/apt"	3	5351.5	4592.4	116	114	230
14253050	20852937	"Ceri"	"Manhattan"	92	9.38	93.83	6.17	274	"Entire home/apt"	1	2407.7	4277.1	28	32	60
11421345	34747689	"Carol & Adam"	"Manhattan"	79	9.12	91.21	8.79	376	"Entire home/apt"	365	3932.9	5285.5	124	122	246
11989606	61159661	"Autumn"	"Manhattan"	95	7.36	73.56	26.44	253	"Entire home/apt"	2	3109.3	4129.9	96	95	191
13446124	18419593	"Anna"	"Manhattan"	76	9.33	93.34	6.66	217	"Private room"	1	1644.3	3476.1	88	88	176
11223995	9706636	"Alex"	"Manhattan"	82	8.42	84.2	15.8	254	"Entire home/apt"	1	2294.4	4525.8	215	208	423
9926917	51027744	"Hamid"	"Brooklyn"	72	9.75	97.45	2.55	237	"Private room"	1	1917	3103.9	365	322	687
10223695	96052	"Brady"	"Brooklyn"	102	8.94	89.4	10.6	259	"Entire home/apt"	2	2538.2	4218.8	341	322	663
3576160	18008945	"Francesco"	"Manhattan"	94	7	70	30	233	"Entire home/apt"	1	2893.9	4041.6	14	20	34
3671653	18636413	"Toyin"	"Manhattan"	116	8.63	86.32	13.68	238	"Private room"	2	1734.7	4145.4	274	264	538
3031514	12505495	"Libby"	"Manhattan"	99	7.6	76.05	23.95	222	"Private room"	5	1672	4411.9	340	322	662
9283104	26885466	"Sergey"	"Brooklyn"	111	8.94	89.36	10.64	187	"Private room"	2	1660.1	3391.8	175	170	345
7962707	42008401	"Adam"	"Queens"	51	8.97	89.75	10.25	268	"Entire home/apt"	1	3384.9	4650	0	11	11
4163181	7658248	"Rick"	"Manhattan"	134	8.88	88.78	11.22	219	"Private room"	2	1665.8	4090	89	89	178
849603	4435623	"Ayana"	"Brooklyn"	102	8.93	89.34	10.66	217	"Entire home/apt"	14	2929.4	3811.1	299	287	586
2085807	1987524	"Raquel"	"Brooklyn"	91	8.64	86.43	13.57	242	"Entire home/apt"	4	2176.6	3626.4	17	22	39
16256996	106303695	"Anthony"	"Manhattan"	47	9.32	93.21	6.79	306	"Entire home/apt"	1	2448.8	3817.3	0	14	14
6991910	36656552	"Kandee"	"Manhattan"	72	7.13	71.32	28.68	261	"Private room"	2	1922.5	4154.4	196	190	386
3522244	922478	"Brad"	"Brooklyn"	94	9.03	90.29	9.71	200	"Private room"	3	1712.5	3450.2	9	16	25
7387521	38700102	""	"Brooklyn"	77	9.61	96.13	3.87	170	"Private room"	1	1527.1	2365.8	365	334	699
6130778	2653479	"Brian"	"Manhattan"	115	7.51	75.08	24.92	210	"Private room"	3	1595.1	3587.4	325	310	635
2417993	1577748	"Alejandra"	"Manhattan"	79	9.17	91.67	8.33	294	"Entire home/apt"	3	4611.4	5943.8	3	11	14
1918047	9944431	"Foong"	"Manhattan"	55	9.13	91.33	8.67	302	"Entire home/apt"	1	3344.8	4650.4	0	22	22
10118660	51913826	"The Bowery House"	"Manhattan"	82	8.52	85.18	14.82	278	"Private room"	1	2108.7	4366.7	121	119	240
16947399	101872438	"Sung"	"Brooklyn"	70	9.62	96.21	3.79	179	"Private room"	2	1586.5	2574	76	77	153
6545163	6430044	"Madison"	"Manhattan"	125	8.51	85.13	14.87	181	"Private room"	1	1406.7	1779.4	241	233	474
5789606	30037999	"Loyda"	"Manhattan"	124	8.52	85.18	14.82	207	"Private room"	2	1512	3734.6	166	161	327
7389481	11065009	"Paul-Michael"	"Brooklyn"	103	9.63	96.26	3.74	181	"Private room"	1	1613.5	3734.3	0	19	19
7867539	1315277	"Victoria"	"Brooklyn"	81	9.59	95.87	4.13	279	"Entire home/apt"	2	3693.2	3575.4	0	21	21
17376723	15034908	"GiGi"	"Manhattan"	85	9.49	94.9	5.1	313	"Entire home/apt"	2	2770.4	6003.1	100	99	199
545597	491899	"Nic"	"Brooklyn"	70	9.59	95.88	4.12	278	"Entire home/apt"	12	3558.7	4682.6	71	72	143
6225501	150832	"Katie"	"Brooklyn"	116	9.64	96.4	3.6	259	"Entire home/apt"	2	2399.9	3922.6	8	15	23
3619399	17619450	"Sean"	"Brooklyn"	85	9.15	91.47	8.53	206	"Private room"	1	1733.9	3347.8	0	10	10
1093977	6010467	"Mary Anne"	"Manhattan"	95	8.42	84.22	15.78	226	"Entire home/apt"	5	1885.4	3304.8	7	14	21
2410200	11982812	"Georgia"	"Brooklyn"	120	9.67	96.66	3.34	228	"Private room"	1	1866.8	3980.7	273	263	536
16443043	81237225	"Carolina"	"Manhattan"	54	7.19	71.87	28.13	280	"Entire home/apt"	2	3040.7	4243.6	347	328	675
11095719	38068387	"Xolie"	"Brooklyn"	102	8.89	88.94	11.06	271	"Entire home/apt"	2	2593.4	3129.7	297	285	582
9231791	47989547	"Hannah"	"Brooklyn"	86	8.97	89.74	10.26	188	"Private room"	1	1654.8	2866.9	0	21	21
3043548	5871260	"Inna"	"Queens"	50	9.77	97.74	2.26	242	"Entire home/apt"	3	2721	3803.6	279	268	547
15463202	24988214	"Zhikai"	"Manhattan"	63	9.22	92.16	7.84	300	"Entire home/apt"	7	4494	3721.1	0	19	19
5699348	8686625	"Marie"	"Manhattan"	115	8.45	84.46	15.54	281	"Entire home/apt"	1	2537.6	4631.4	231	223	454
2560624	13109403	"Av"	"Manhattan"	95	6.12	61.17	38.83	234	"Entire home/apt"	5	2813.6	3873.9	0	33	33
4726747	18573657	"Limor"	"Brooklyn"	114	8.67	86.71	13.29	282	"Entire home/apt"	2	2914.1	4464.6	253	244	497
9457285	8604689	"Emel"	"Manhattan"	108	9.41	94.08	5.92	307	"Entire home/apt"	2	3822.4	5374.7	237	229	466
6476242	33833944	"Per"	"Manhattan"	91	8.08	80.81	19.19	411	"Entire home/apt"	6	4296.5	5644.9	0	38	38
4775278	6948005	"Matt"	"Brooklyn"	75	6.86	68.59	31.41	214	"Private room"	1	1835.1	2709.7	0	24	24
17608454	5122314	"Marissa"	"Brooklyn"	75	9.75	97.45	2.55	264	"Entire home/apt"	7	2589.6	4472.1	8	15	23
11191242	35320932	"Samantha"	"Manhattan"	94	9.14	91.42	8.58	259	"Entire home/apt"	1	2062.5	3611.6	0	21	21
360400	1386983	"Candice"	"Manhattan"	134	9.47	94.74	5.26	265	"Private room"	3	1998.9	4021	309	295	604
14498160	19003554	"Oscar"	"Bronx"	16	9.92	99.17	0.83	183	"Private room"	6	1652.2	3269.1	365	330	695
6105140	946182	"Zachary"	"Brooklyn"	77	9.6	95.99	4.01	217	"Private room"	5	1805.3	3662.4	90	90	180
12855566	51250783	"Tamir"	"Manhattan"	37	9.31	93.13	6.87	258	"Entire home/apt"	2	2556.4	3408.3	336	319	655
18162256	31449019	"Vasily"	"Brooklyn"	89	9.14	91.38	8.62	203	"Private room"	1	1732.6	3676.4	169	164	333
11083755	4683188	"Emily"	"Manhattan"	76	9.13	91.3	8.7	287	"Entire home/apt"	2	2625.1	4458.9	0	22	22
12053021	64550354	"Sam"	"Manhattan"	101	9.04	90.42	9.58	368	"Entire home/apt"	2	3171.9	6381.2	146	143	289
11542467	52203920	"Jennifer"	"Manhattan"	109	8.49	84.92	15.08	229	"Entire home/apt"	1	2446.4	2775.3	279	268	547
11431871	60059749	"Amanda"	"Brooklyn"	98	8.94	89.4	10.6	183	"Private room"	1	1637.3	2341.9	102	101	203
4383734	18674671	"Lindsay"	"Brooklyn"	90	8.96	89.56	10.44	190	"Private room"	2	1693.3	1682.1	0	26	26
12587698	26225727	"Xiomara"	"Brooklyn"	98	9.59	95.9	4.1	198	"Private room"	3	1673.6	3158.2	49	51	100
13952861	5019082	"Gleb"	"Queens"	64	9.09	90.86	9.14	121	"Shared room"	1	1080.6	2164.6	15	20	35
134545	141272	"April"	"Brooklyn"	102	8.68	86.79	13.21	229	"Entire home/apt"	2	2107.2	3129.2	34	37	71
18181381	13974537	"Ahmed"	"Brooklyn"	59	9.67	96.73	3.27	163	"Private room"	1	1519.7	1934.4	236	228	464
7222833	6403403	"Tony"	"Brooklyn"	94	9.53	95.34	4.66	340	"Entire home/apt"	2	3303	5416.4	12	18	30
4378951	510577	"Benjamin"	"Brooklyn"	133	8.87	88.67	11.33	253	"Entire home/apt"	2	2121.8	4004.3	99	98	197
9412636	24244132	"Yuhao"	"Manhattan"	25	5.65	56.49	43.51	191	"Private room"	2	1443.3	2551.3	0	16	16
1969383	10170161	"Feven"	"Manhattan"	38	9.07	90.7	9.3	252	"Entire home/apt"	2	2422.2	3895.4	0	29	29
10765309	8851665	"Ohad"	"Manhattan"	62	9.14	91.41	8.59	304	"Entire home/apt"	3	4005.2	5009.2	0	22	22
17014648	22199940	"Justin"	"Brooklyn"	62	9.58	95.85	4.15	271	"Entire home/apt"	3	4241.1	4398	21	26	47
10449728	6154254	"Brian"	"Manhattan"	76	9.08	90.81	9.19	250	"Entire home/apt"	3	2952.3	3322.8	0	28	28
1444400	7755092	"Ron"	"Manhattan"	107	9.32	93.18	6.82	249	"Private room"	1	1865.6	2060.6	53	55	108
13973514	14766250	"Adam"	"Brooklyn"	50	8.37	83.72	16.28	279	"Private room"	2	2286.1	4731.2	0	9	9
1524711	8135210	"Milena"	"Queens"	45	9.86	98.55	1.45	247	"Entire home/apt"	4	2404.4	4093.4	0	10	10
29455	126607	"Laurine"	"Manhattan"	118	6.86	68.59	31.41	258	"Entire home/apt"	2	2857.4	3754.2	307	294	601
2060275	10545845	"Evan"	"Manhattan"	66	9.28	92.81	7.19	292	"Private room"	1	2189	4790	0	33	33
15841588	49111730	"Emanuel"	"Manhattan"	80	8.6	86.03	13.97	226	"Private room"	1	1669.3	3043.5	218	211	429
8311468	10023505	"Gabriel"	"Brooklyn"	57	9.63	96.35	3.65	296	"Shared room"	1	2147.4	4685.6	0	14	14
16481858	4970579	"Sasha"	"Brooklyn"	83	8.84	88.43	11.57	259	"Entire home/apt"	2	2792	3429.3	129	126	255
5557135	28809821	"Michelle"	"Manhattan"	79	9.38	93.75	6.25	250	"Shared room"	1	1550.6	3614.8	17	22	39
8609750	45286575	"Joseph"	"Manhattan"	79	9.48	94.83	5.17	321	"Entire home/apt"	14	2554.8	4590.2	245	236	481
2244409	9605150	"Ata"	"Manhattan"	95	9.38	93.78	6.22	331	"Entire home/apt"	2	3792.6	5154.9	3	11	14
5298896	3868692	"Lucas"	"Manhattan"	85	9.45	94.45	5.55	239	"Private room"	3	1777.6	2962.5	142	139	281
172445	602224	"Adrian"	"Manhattan"	112	8.09	80.86	19.14	295	"Entire home/apt"	2	2586.5	5204.6	339	321	660
17583983	105394139	"Ciprian"	"Bronx"	48	9.92	99.24	0.76	208	"Private room"	3	1825.7	3770.6	338	320	658
13642383	899479	"Brennon"	"Brooklyn"	103	9.54	95.44	4.56	262	"Private room"	3	2199.7	3146.2	37	40	77
14425195	88769411	"Ilan"	"Manhattan"	77	9.43	94.32	5.68	271	"Private room"	2	2105.4	5228.8	364	337	701
16914950	111664112	"Jessica"	"Manhattan"	79	9.37	93.65	6.35	284	"Entire home/apt"	3	4577.5	4050.1	10	16	26
6016379	31229085	"Shawn"	"Manhattan"	106	9.37	93.73	6.27	245	"Private room"	1	1808.6	3907.6	152	148	300
2210615	11276922	"Everett"	"Manhattan"	59	9.44	94.41	5.59	284	"Entire home/apt"	2	2672.3	4371.9	0	11	11
6922269	35594166	"A.G."	"Manhattan"	90	8.75	87.54	12.46	225	"Private room"	6	1685.8	3126.4	6	13	19
9634829	12298772	"Harrison"	"Manhattan"	75	8.56	85.6	14.4	222	"Private room"	2	1623.7	3184.4	0	27	27
12135584	65137877	"Vanessa"	"Manhattan"	102	9.38	93.81	6.19	281	"Entire home/apt"	2	3302.2	3984	160	156	316
8473919	1098624	"Ben"	"Brooklyn"	78	9.52	95.18	4.82	126	"Private room"	3	1327.9	2758.8	0	42	42
10034187	47554473	"Mae"	"Brooklyn"	81	8.73	87.3	12.7	239	"Entire home/apt"	3	3148.1	3712.8	362	339	701
602765	2982876	"Alon"	"Brooklyn"	88	9.67	96.73	3.27	207	"Private room"	1	1754.4	3271.8	0	15	15
6404584	33403059	"Joshua"	"Brooklyn"	81	9.05	90.48	9.52	219	"Private room"	5	1804.3	4313.1	0	16	16
15165678	96222872	"Nc"	"Manhattan"	98	9.04	90.35	9.65	347	"Entire home/apt"	1	3266.7	6390.3	287	276	563
16140113	10030196	"Mike"	"Brooklyn"	58	8.26	82.58	17.42	184	"Private room"	2	1603	1617.2	133	130	263
775016	4088378	"Karin"	"Brooklyn"	77	9.71	97.15	2.85	232	"Private room"	2	1887.8	3396.6	365	329	694
9692905	3951955	"Nikhil"	"Manhattan"	62	9.47	94.67	5.33	278	"Entire home/apt"	3	2448.2	4238.9	0	11	11
492977	2413453	"Daniel"	"Brooklyn"	69	9.64	96.39	3.61	244	"Private room"	1	1956.2	3555.4	364	337	701
15377806	8903368	"Judith"	"Manhattan"	57	7.59	75.93	24.07	242	"Private room"	1	1797.4	3890.5	56	58	114
7272530	8792814	"Caroline"	"Brooklyn"	78	7.92	79.21	20.79	202	"Private room"	1	1742.5	3159.5	364	338	702
17303918	24426044	"Lydia"	"Brooklyn"	76	9.62	96.17	3.83	231	"Private room"	1	1924.8	2722	359	337	696
4416970	22628166	"Caroline"	"Brooklyn"	82	8.97	89.66	10.34	182	"Private room"	1	1590.7	2919	336	320	656
1404282	3407762	"Ibrahim"	"Manhattan"	58	8.56	85.56	14.44	280	"Entire home/apt"	4	2687.9	3206.7	0	9	9
10801360	4149899	"Salam"	"Bronx"	13	5.24	52.37	47.63	232	"Entire home/apt"	3	2067.4	2714.7	361	338	699
8257585	41547419	"Candy"	"Manhattan"	104	9.08	90.78	9.22	356	"Entire home/apt"	3	3351.4	4684.6	194	188	382
4925517	22210080	"Kyle"	"Manhattan"	132	9.34	93.38	6.62	227	"Private room"	1	1693.1	3394	43	46	89
14799088	92443044	"Sam"	"Manhattan"	81	8.42	84.23	15.77	222	"Entire home/apt"	1	1813.4	2403.8	0	16	16
13822434	14078461	"Emma"	"Manhattan"	71	9.46	94.58	5.42	149	"Private room"	7	1225.9	2162.7	0	13	13
4270683	5835210	"Daniela"	"Queens"	42	9.77	97.71	2.29	189	"Entire home/apt"	4	2288.9	4463.9	179	174	353
14991333	5121858	"Erica"	"Brooklyn"	97	9.54	95.42	4.58	192	"Private room"	2	1727.3	2474.7	143	140	283
16521978	38621500	"Evie"	"Queens"	24	9.82	98.25	1.75	129	"Private room"	2	1407.3	1949.9	246	237	483
2692428	13779724	"A."	"Manhattan"	117	8.48	84.77	15.23	248	"Entire home/apt"	4	4474.7	4857.9	0	13	13
60680	292630	"Mich"	"Manhattan"	111	8.05	80.46	19.54	239	"Entire home/apt"	5	1932.4	4387	319	305	624
16719029	110806844	"Rich"	"Manhattan"	88	9.29	92.86	7.14	216	"Private room"	3	1560	3708.5	294	282	576
8220472	2390324	"Merv??"	"Brooklyn"	78	9.62	96.17	3.83	253	"Entire home/apt"	3	2711.4	4479.9	0	17	17
673760	2219255	"Natalie"	"Brooklyn"	116	7.77	77.66	22.34	157	"Private room"	2	1479.9	2675	104	103	207
12651245	68719139	"Nick"	"Brooklyn"	61	9.12	91.2	8.8	153	"Private room"	6	1499.8	2558.2	16	21	37
6799864	35595560	"Lisa"	"Manhattan"	83	8.16	81.58	18.42	256	"Entire home/apt"	365	2038.2	3509.4	64	65	129
16353465	107085827	"James"	"Queens"	27	8.43	84.35	15.65	180	"Private room"	2	1608.2	2042	0	20	20
3835766	18397763	"Seun And Fola"	"Brooklyn"	98	9.16	91.56	8.44	195	"Private room"	2	1710.4	3501.9	349	329	678
296345	496164	"Todd"	"Brooklyn"	115	9	89.97	10.03	213	"Private room"	3	1809	2872	358	337	695
217660	1124428	"Sonia"	"Manhattan"	100	8.62	86.23	13.77	227	"Private room"	4	1703	4271.6	131	128	259
16364067	1528114	"K."	"Brooklyn"	58	9.57	95.69	4.31	235	"Entire home/apt"	2	2011.1	3562.7	29	33	62
4559590	7752638	"Colin"	"Brooklyn"	90	9.15	91.46	8.54	160	"Private room"	1	1460.7	1733.9	301	288	589
13674349	62028227	"George"	"Brooklyn"	71	9.71	97.06	2.94	292	"Entire home/apt"	3	2700	4897.8	349	329	678
260618	1367316	"Deb"	"Brooklyn"	111	8.81	88.08	11.92	215	"Entire home/apt"	1	2453.3	3053.6	263	253	516
2998174	5684941	"Jade"	"Brooklyn"	93	8.97	89.68	10.32	177	"Private room"	2	1560.7	1723.6	278	267	545
15289988	97322831	"Julio"	"Bronx"	48	3.26	32.56	67.44	198	"Private room"	1	1707.4	3350	362	339	701
2908865	14860746	"Cynthia"	"Manhattan"	73	9.39	93.87	6.13	256	"Private room"	3	1930	3892.9	362	338	700
8844652	34738391	"Rae"	"Brooklyn"	81	9.62	96.25	3.75	193	"Shared room"	1	1361.3	2735.1	0	16	16
16274179	35606248	"Blake, Orion And Madia"	"Brooklyn"	83	9.15	91.52	8.48	193	"Private room"	1	1650	2690.4	335	319	654
4339690	361155	"Alexandra"	"Brooklyn"	109	9.62	96.17	3.83	196	"Private room"	2	1710.9	3159.2	277	266	543
8869871	23165464	"Zhenni"	"Queens"	44	8.45	84.5	15.5	249	"Private room"	1	2098.4	3429.9	365	332	697
12542544	64837317	"Michael"	"Manhattan"	101	9.22	92.16	7.84	309	"Entire home/apt"	4	3508.1	5062.7	200	194	394
8616102	13487080	"Mary"	"Manhattan"	49	9.41	94.11	5.89	277	"Private room"	1	2115.3	5090.2	0	15	15
510218	2513726	"Margaret"	"Manhattan"	120	9.49	94.86	5.14	284	"Entire home/apt"	2	3432.4	4844.2	269	259	528
15966657	7958158	"Celine"	"Manhattan"	35	9.34	93.37	6.63	258	"Private room"	1	1937.5	3139.6	271	261	532
9678488	50003858	"Michael"	"Manhattan"	69	9.22	92.25	7.75	305	"Entire home/apt"	1	2814.8	4666.8	0	18	18
11839668	62829649	"Galina"	"Manhattan"	113	9	89.97	10.03	388	"Entire home/apt"	2	3316.9	7348.5	328	313	641
14798941	1385016	"Bradley"	"Brooklyn"	82	9.03	90.25	9.75	213	"Private room"	2	1787.9	4854.1	59	61	120
14125891	32545798	"Sasha"	"Brooklyn"	91	9.77	97.73	2.27	214	"Private room"	1	1812.4	3231.8	6	13	19
15745537	5321130	"Anna"	"Brooklyn"	93	8.6	85.97	14.03	377	"Entire home/apt"	5	4718.5	6960.9	189	183	372
5051551	26083301	"Ariell"	"Brooklyn"	118	9.04	90.43	9.57	133	"Private room"	1	1340.6	1944	3	11	14
498052	2426779	"Regina"	"Brooklyn"	110	9.54	95.42	4.58	265	"Private room"	1	2159.7	3801	337	320	657
11465084	48870027	"Selim"	"Manhattan"	78	9.28	92.75	7.25	335	"Entire home/apt"	3	3193.1	5621.8	365	334	699
268868	1408733	"Sergio"	"Manhattan"	103	8.25	82.53	17.47	309	"Entire home/apt"	4	2486.7	5568.2	0	29	29
6567966	34354310	"Carl"	"Manhattan"	101	9.41	94.11	5.89	299	"Entire home/apt"	3	2542.2	5752.4	320	306	626
8300721	43766349	"Carol"	"Bronx"	14	9.86	98.61	1.39	153	"Private room"	3	1564.7	2355	357	337	694
9578346	1682636	"Raina"	"Brooklyn"	63	9.67	96.72	3.28	240	"Entire home/apt"	2	2068.7	3300.5	0	13	13
14473014	2504204	"Christine"	"Manhattan"	72	9.36	93.61	6.39	254	"Private room"	3	1889.9	3545.1	70	71	141
6291454	20565470	"Branden"	"Brooklyn"	61	9.53	95.27	4.73	267	"Entire home/apt"	3	3583	2864.4	0	31	31
11774259	13974537	"Ahmed"	"Brooklyn"	81	9.15	91.49	8.51	199	"Private room"	1	1705.8	1021.9	169	164	333
7348510	9484594	"Dominique"	"Brooklyn"	93	7.92	79.18	20.82	175	"Entire home/apt"	1	1995.9	1043.6	124	122	246
4977756	25659180	"Justin"	"Brooklyn"	63	9.69	96.9	3.1	244	"Entire home/apt"	2	2476.9	3178.3	0	12	12
14732979	3300936	"Brandon"	"Manhattan"	73	9.12	91.23	8.77	265	"Entire home/apt"	4	3645.9	4133.6	19	24	43
12824752	69971042	"Izzy"	"Queens"	52	9.75	97.54	2.46	237	"Entire home/apt"	1	2073.5	3368.6	341	323	664
15473161	99291033	"Stay"	"Queens"	24	9.85	98.54	1.46	160	"Private room"	1	1535.7	2457.4	90	89	179
10732710	46900979	"J.D."	"Brooklyn"	67	9.64	96.37	3.63	280	"Entire home/apt"	5	2349	3001.2	14	20	34
8720923	41324442	"Richard"	"Manhattan"	98	9.32	93.2	6.8	234	"Private room"	4	1802.6	3455.5	0	29	29
9404985	48771768	"Leonardo"	"Manhattan"	109	8.46	84.56	15.44	278	"Entire home/apt"	2	3342.4	3173.9	225	217	442
9664537	49946447	"Rah"	"Queens"	55	9.25	92.46	7.54	176	"Private room"	2	1636.1	2314.5	162	158	320
408133	2010787	"Amma"	"Manhattan"	107	8.36	83.61	16.39	369	"Entire home/apt"	3	3658.8	5245.3	153	149	302
14637667	58790414	"Kimi"	"Manhattan"	67	9.22	92.21	7.79	247	"Shared room"	2	1562.5	2484.3	21	26	47
16599362	36160487	"David"	"Brooklyn"	70	8.89	88.93	11.07	156	"Private room"	2	1450.2	3090.2	143	140	283
1814279	6841194	"Eric"	"Brooklyn"	140	7.96	79.62	20.38	256	"Entire home/apt"	2	5019.3	4608.2	181	175	356
17908331	4601948	"Lily"	"Manhattan"	68	9.44	94.41	5.59	278	"Entire home/apt"	2	2155.1	3489.1	0	11	11
4355934	16954768	"Hugo"	"Manhattan"	125	8.6	86.04	13.96	133	"Private room"	2	1184.8	2635.5	157	153	310
12826965	69989416	"Sammi"	"Queens"	65	9.19	91.94	8.06	134	"Private room"	1	1409.4	1628.2	132	129	261
816637	1099716	"Alvaro"	"Queens"	70	9.19	91.93	8.07	212	"Private room"	2	1851.6	3804	361	339	700
14450731	10747057	"Jessica"	"Brooklyn"	81	9.71	97.14	2.86	140	"Private room"	2	1361.5	1999.6	266	256	522
1948591	1267694	"Viv"	"Manhattan"	119	9.16	91.56	8.44	309	"Entire home/apt"	1	3752.9	4630.9	303	290	593
10041589	49535506	"Nic"	"Queens"	45	9.23	92.26	7.74	207	"Private room"	5	1813.5	2680.5	0	12	12
9050105	47219962	"Babajide"	"Brooklyn"	109	8.88	88.82	11.18	258	"Entire home/apt"	2	2175.3	3759	291	279	570
16636519	49058105	"William"	"Brooklyn"	80	8.6	85.98	14.02	253	"Entire home/apt"	1	3205.4	3213.6	15	21	36
11872521	5175118	"Jonjon"	"Brooklyn"	101	9.68	96.76	3.24	233	"Private room"	2	2016.5	2561.1	331	315	646
9279049	844197	"Greg"	"Brooklyn"	100	9.62	96.18	3.82	215	"Private room"	1	1847.8	2741.5	319	305	624
4291200	19597910	"Ruth"	"Queens"	55	9.82	98.19	1.81	244	"Private room"	2	2107.3	3988.2	230	222	452
4464508	23162890	"Terrance"	"Brooklyn"	97	9.14	91.37	8.63	211	"Private room"	1	1755.2	3360.5	365	327	692
8954035	1311019	"Alberta And Chiara"	"Manhattan"	96	8.56	85.6	14.4	208	"Private room"	5	1539.5	3877.4	92	91	183
4424391	15310997	"Mor"	"Manhattan"	62	8.5	85.01	14.99	322	"Entire home/apt"	365	4065.6	4460.8	335	319	654
3447238	13637847	"Sasha"	"Brooklyn"	90	8.62	86.16	13.84	237	"Entire home/apt"	3	2315.2	2326.2	320	306	626
2561229	6194487	"Rocio & James"	"Manhattan"	150	9.35	93.46	6.54	238	"Entire home/apt"	1	2493.1	4604.4	237	229	466
1965766	10153970	"Lindsay"	"Manhattan"	50	9.5	94.96	5.04	272	"Entire home/apt"	1	3826.2	4034.4	0	9	9
3850493	19349568	"Joseph"	"Brooklyn"	112	7.5	74.95	25.05	267	"Entire home/apt"	3	3382.3	3330.1	364	338	702
15771318	924614	"Rich"	"Manhattan"	38	9.14	91.41	8.59	316	"Entire home/apt"	1	4528.3	4888	343	324	667
1645772	8026393	"Ruth"	"Manhattan"	113	8.78	87.78	12.22	272	"Private room"	1	2038.2	4628.9	310	296	606
8293281	634004	"Chris"	"Brooklyn"	65	9.57	95.69	4.31	231	"Private room"	2	1941.9	3987	126	124	250
4294546	13402436	"Manuela"	"Brooklyn"	95	9.54	95.4	4.6	264	"Entire home/apt"	1	4147	3283.6	85	85	170
62095	281764	"Colette&Sean"	"Brooklyn"	145	5.8	58.05	41.95	202	"Entire home/apt"	3	1844.8	4312.3	295	283	578
14322678	7817169	"Henri"	"Brooklyn"	64	9.71	97.14	2.86	245	"Entire home/apt"	5	2029.9	3694	0	10	10
7934969	41843786	"Jorge"	"Brooklyn"	109	8.74	87.41	12.59	285	"Entire home/apt"	1	2430.4	4849.8	73	74	147
3549126	249182	"Chien"	"Brooklyn"	109	9.58	95.8	4.2	294	"Entire home/apt"	2	2951.9	5171.6	11	17	28
16295080	106606306	"Ari"	"Manhattan"	85	9.28	92.82	7.18	237	"Entire home/apt"	1	1816.6	3614.5	72	73	145
10222008	52526463	"Amy"	"Manhattan"	70	6.61	66.14	33.86	248	"Entire home/apt"	3	2488.5	3656	0	26	26
13142326	73247571	"Sergio"	"Brooklyn"	93	9.02	90.2	9.8	215	"Private room"	3	1826.6	3570.7	158	154	312
3628328	1279211	"Aldo"	"Bronx"	16	7.98	79.81	20.19	236	"Entire home/apt"	3	2703.3	3961.9	0	31	31
17135432	44437046	"Azita"	"Brooklyn"	68	9.68	96.75	3.25	372	"Entire home/apt"	2	4034	5352.5	299	287	586
6433445	1905361	"Gillian"	"Brooklyn"	87	9.71	97.08	2.92	271	"Entire home/apt"	4	2614.8	4222.2	87	87	174
5557865	1619955	"Michael"	"Brooklyn"	79	9.57	95.71	4.29	250	"Entire home/apt"	365	2213.2	4676.3	57	59	116
11653913	10575779	"Andrea"	"Queens"	15	4.01	40.06	59.94	298	"Entire home/apt"	2	2733.4	4229	0	12	12
9769084	50371112	"Sadie"	"Manhattan"	72	8.32	83.16	16.84	362	"Entire home/apt"	7	3296.1	4644.6	19	24	43
9862199	32787246	"Heather"	"Manhattan"	73	9.24	92.36	7.64	245	"Entire home/apt"	3	2112.8	3556.6	0	18	18
13866843	50524191	"Claire"	"Brooklyn"	98	9.01	90.14	9.86	136	"Private room"	3	1356	2613.3	336	319	655
249804	1309145	"Franca"	"Manhattan"	103	9.43	94.33	5.67	264	"Entire home/apt"	7	3886.2	4246	274	264	538
8965178	444172	"Rachel"	"Brooklyn"	93	9.62	96.21	3.79	188	"Private room"	2	1667.4	3449.3	43	46	89
494823	2444711	"V.A"	"Manhattan"	109	7.4	73.97	26.03	250	"Entire home/apt"	1	3021.5	4300	60	62	122
13948226	9444672	"Sara"	"Brooklyn"	91	9.56	95.6	4.4	294	"Entire home/apt"	5	2486.2	4545.9	35	38	73
4343772	627640	"Matt"	"Manhattan"	99	9.49	94.87	5.13	248	"Private room"	3	1853.7	3858.7	89	89	178
1106033	6072984	"Liam"	"Brooklyn"	76	8.56	85.64	14.36	227	"Entire home/apt"	365	2049.8	3085.3	134	131	265
16396370	63920328	"Grace"	"Queens"	48	9.79	97.91	2.09	205	"Entire home/apt"	3	4142.1	3173.5	0	16	16
13314169	1789655	"James & Jen"	"Brooklyn"	108	7.51	75.1	24.9	332	"Entire home/apt"	3	3140.5	4288.8	123	121	244
3131982	15904341	"Monica"	"Brooklyn"	54	7.78	77.84	22.16	212	"Entire home/apt"	8	2408.6	3123.3	0	17	17
2922197	1447684	"Rosa"	"Brooklyn"	98	9.58	95.85	4.15	188	"Private room"	1	1632.8	2347	259	250	509
6799550	16925759	"Marc"	"Brooklyn"	89	8.79	87.85	12.15	117	"Shared room"	3	1019	2354.1	363	339	702
2197725	7181895	"Jake & Yumi"	"Manhattan"	64	9.49	94.93	5.07	379	"Entire home/apt"	2	3141.7	5168.9	0	9	9
14783949	42696678	"Jordan &"	"Brooklyn"	83	9.55	95.52	4.48	217	"Private room"	1	1817.7	2121.8	86	86	172
6524675	16476934	"Matt"	"Brooklyn"	78	8.7	86.96	13.04	252	"Entire home/apt"	14	2236.4	4046.3	182	176	358
12618467	13183346	"Shaun"	"Manhattan"	97	9.43	94.29	5.71	276	"Entire home/apt"	3	3791	4394.6	303	290	593
9940253	51087754	"Chen"	"Manhattan"	75	8.8	88.02	11.98	219	"Private room"	2	1652.9	3554.8	0	14	14
10903239	25233578	"Jason"	"Manhattan"	106	9.37	93.72	6.28	301	"Entire home/apt"	1	2922.6	4912.1	335	319	654
8861719	46389507	"Kenneth"	"Brooklyn"	66	9.09	90.89	9.11	181	"Private room"	2	1592.7	1915.5	0	13	13
103161	465278	"Ade"	"Brooklyn"	126	9.55	95.49	4.51	300	"Entire home/apt"	1	3449.5	4509.1	344	325	669
15969238	10038545	"Raymon"	"Manhattan"	69	9.24	92.41	7.59	319	"Entire home/apt"	2	3234.9	5109.3	223	216	439
12021392	51312860	"Herb"	"Brooklyn"	101	9.7	96.96	3.04	212	"Private room"	1	1851.6	3658.1	37	40	77
11639700	61703197	"Jenna"	"Brooklyn"	87	9.54	95.44	4.56	269	"Entire home/apt"	1	2545.1	4399.8	160	156	316
13752840	9291991	"Jason"	"Brooklyn"	94	9.6	96.03	3.97	300	"Entire home/apt"	2	3211.4	3690.2	0	19	19
17121101	20120009	"Jannices"	"Brooklyn"	55	7.94	79.36	20.64	281	"Entire home/apt"	1	3696.3	5350.8	299	287	586
12792631	69658002	""	"Manhattan"	64	8.47	84.66	15.34	270	"Private room"	3	1981.8	3532.7	363	339	702
15948730	63973186	"Sally"	"Manhattan"	89	9.31	93.11	6.89	322	"Private room"	1	2514.3	5307.9	72	73	145
2939670	15009272	"Yolanda"	"Queens"	67	9.21	92.06	7.94	167	"Private room"	2	1646.5	3213.8	323	309	632
10875014	55127556	"Dean"	"Brooklyn"	74	9.57	95.74	4.26	288	"Entire home/apt"	3	3154.2	4398.9	356	336	692
8459000	1447988	"Patrick And Erin"	"Brooklyn"	60	7.82	78.15	21.85	222	"Private room"	1	1858.1	3938.2	364	339	703
4692541	9510645	"Rylan"	"Brooklyn"	94	8.76	87.62	12.38	295	"Entire home/apt"	1	4304.1	3716.7	364	337	701
1497971	682381	"Mariyam"	"Brooklyn"	81	9.76	97.58	2.42	205	"Private room"	365	1770.3	2911	179	173	352
16414226	2492654	"Ben"	"Brooklyn"	99	9.69	96.89	3.11	176	"Private room"	1	1595.2	2914.5	2	10	12
3732008	16823995	"Patrik"	"Brooklyn"	108	9.12	91.2	8.8	184	"Private room"	2	1623	2265.4	12	18	30
5091056	26301893	"Claude"	"Queens"	37	9.86	98.56	1.44	221	"Private room"	1	1937.4	3724.7	121	119	240
13203601	69286284	"Kofi"	"Manhattan"	90	8.43	84.25	15.75	255	"Entire home/apt"	1	1988.8	4061.8	35	38	73
16576705	106184494	"Jose"	"Brooklyn"	101	8.96	89.55	10.45	199	"Private room"	1	1728.2	1932.4	72	73	145
10399663	50593920	"Martin"	"Brooklyn"	85	8.9	89.02	10.98	164	"Private room"	1	1480.2	3070.3	89	89	178
7688839	2060383	"Lisa"	"Brooklyn"	72	9.61	96.13	3.87	273	"Entire home/apt"	3	3053.7	3340.1	15	20	35
11799451	33547829	"Alexander"	"Manhattan"	103	8.21	82.08	17.92	264	"Entire home/apt"	2	2204.6	4152.3	258	249	507
13004996	71717596	"Beth"	"Queens"	65	9.78	97.75	2.25	243	"Entire home/apt"	2	2479.7	5022	0	24	24
6091850	31614694	"Silvia"	"Queens"	84	8.98	89.77	10.23	220	"Entire home/apt"	2	3755.9	3273.1	202	196	398
10368358	1522203	"Jessica"	"Brooklyn"	99	8.7	86.96	13.04	283	"Entire home/apt"	2	2796.4	3966.4	132	129	261
322604	1651591	"Todd"	"Brooklyn"	125	9.78	97.79	2.21	222	"Private room"	2	1852.7	2467.4	165	160	325
2160591	6326737	"Benjamin"	"Brooklyn"	103	8.96	89.62	10.38	207	"Private room"	3	1704.9	3672.6	361	338	699
14869440	7128634	"Landon"	"Brooklyn"	54	7.6	76.02	23.98	263	"Entire home/apt"	2	4615.7	3136.2	31	35	66
13413622	24662389	"Quinn"	"Manhattan"	107	9.31	93.09	6.91	350	"Entire home/apt"	1	3982.5	4914.5	315	301	616
13361785	9949656	"Scott"	"Brooklyn"	63	8.63	86.35	13.65	319	"Entire home/apt"	3	4646.2	4307.8	0	31	31
257097	315401	"Jaime"	"Brooklyn"	93	8.88	88.81	11.19	306	"Entire home/apt"	4	3316.8	4683.1	94	93	187
10473730	9383056	"Dave"	"Brooklyn"	44	9.68	96.81	3.19	183	"Private room"	5	1601.7	3509	0	15	15
15597119	2456412	"Amy"	"Brooklyn"	78	9.63	96.35	3.65	305	"Entire home/apt"	2	2564.3	4760.5	0	17	17
11655076	7148895	"Stephanie"	"Manhattan"	87	9.01	90.06	9.94	323	"Entire home/apt"	2	2869.2	5432.8	39	42	81
17734779	113124855	"Sam"	"Manhattan"	76	9.49	94.89	5.11	173	"Shared room"	3	1035.7	1889.2	343	324	667
6974249	6623402	"Robert"	"Brooklyn"	79	9.57	95.72	4.28	258	"Entire home/apt"	1	2948.9	3581.1	0	21	21
14550279	27563168	"A J"	"Queens"	62	8.97	89.74	10.26	226	"Entire home/apt"	1	3125.3	3401.4	354	334	688
4614525	8329641	"Ros"	"Brooklyn"	81	8.92	89.24	10.76	241	"Private room"	5	1990.5	3198.5	0	32	32
7264659	6994503	"Olivier"	"Manhattan"	69	9.4	93.97	6.03	278	"Entire home/apt"	3	2296.5	5106.2	0	13	13
6277476	3764548	"Lori"	"Manhattan"	75	9.48	94.81	5.19	274	"Entire home/apt"	14	2476	3375.5	0	10	10
656535	3307004	"Vikas"	"Manhattan"	124	9.39	93.9	6.1	166	"Private room"	1	1337.9	2932.7	0	18	18
9350060	48525953	"Tom"	"Manhattan"	107	8.53	85.31	14.69	307	"Entire home/apt"	3	3597.2	5027.3	332	316	648
15942919	103487672	"Roy"	"Brooklyn"	81	9.72	97.22	2.78	158	"Private room"	3	1504.3	1699.2	80	80	160
8117209	3250450	"Petya"	"Queens"	49	9.74	97.38	2.62	149	"Shared room"	9	1254.3	1588.2	353	333	686
15324542	6202359	"Justin"	"Brooklyn"	47	9.74	97.44	2.56	139	"Private room"	365	1342.6	2733	211	205	416
3913873	19537987	"Elina"	"Brooklyn"	91	9.58	95.78	4.22	219	"Shared room"	1	1546.5	3410.4	326	311	637
15159381	2226623	"Mario"	"Manhattan"	67	9.25	92.48	7.52	279	"Entire home/apt"	4	2309.8	4151.5	274	264	538
12124688	762610	"Christopher"	"Queens"	53	8.96	89.58	10.42	248	"Entire home/apt"	1	2785.5	3751.8	303	290	593
4973520	12342828	"Marco"	"Manhattan"	90	8.86	88.64	11.36	219	"Private room"	3	1654.8	2573.8	15	20	35
13446210	7022470	"Birch"	"Brooklyn"	86	9.64	96.39	3.61	299	"Entire home/apt"	1	2569.1	4154.5	58	60	118
336220	1711529	"Jason"	"Manhattan"	129	8.52	85.19	14.81	271	"Private room"	2	2032.6	3857.5	314	300	614
1493265	1610233	"Diana"	"Brooklyn"	64	9.65	96.46	3.54	276	"Entire home/apt"	2	3721.2	3536.1	104	103	207
15789845	49180797	"Lexy"	"Queens"	51	9.85	98.53	1.47	272	"Entire home/apt"	1	3225.8	4255.5	149	145	294
11740802	62021738	"Aaron"	"Brooklyn"	123	9.56	95.62	4.38	168	"Private room"	1	1511.9	3639.4	255	246	501
7245691	344453	"Richard"	"Brooklyn"	97	9.58	95.8	4.2	221	"Private room"	3	1855	4021.9	58	60	118
2671737	8212880	"Micky"	"Manhattan"	75	6.59	65.87	34.13	196	"Private room"	3	1499.5	2710.9	0	11	11
14858777	9030453	"Irie"	"Manhattan"	71	8.8	88	12	217	"Private room"	5	1663.3	2838	343	324	667
17951818	122945571	"Eros"	"Manhattan"	53	9.18	91.77	8.23	217	"Shared room"	3	1310.3	2928.9	314	300	614
6405051	24018734	"Ari&Remy"	"Brooklyn"	97	8.98	89.83	10.17	183	"Private room"	4	1617.5	1412.7	328	313	641
1781611	7309952	"Audrey"	"Queens"	47	9.77	97.72	2.28	226	"Entire home/apt"	365	3322.1	4112.4	219	212	431
9012991	36889012	"Michael"	"Brooklyn"	107	7.87	78.68	21.32	175	"Private room"	1	1605.3	2092.4	359	337	696
16037130	11402865	"Michael"	"Manhattan"	54	9.42	94.18	5.82	266	"Entire home/apt"	2	3141.2	4914.2	0	12	12
15514272	40598805	"Stephanie"	"Bronx"	17	9.89	98.91	1.09	283	"Entire home/apt"	1	2874.8	4819.2	90	90	180
6609293	26228337	"Jon"	"Brooklyn"	91	9.53	95.27	4.73	254	"Entire home/apt"	7	3652.4	3660.2	4	12	16
14265052	33518883	"Melina"	"Manhattan"	81	9.45	94.5	5.5	252	"Private room"	7	1881	4932.4	0	13	13
7344720	24260658	"Kristy"	"Manhattan"	110	8.8	87.96	12.04	251	"Private room"	2	1868.3	3839.1	158	154	312
15872623	102902979	"Stanton St"	"Manhattan"	67	9.07	90.69	9.31	292	"Entire home/apt"	5	3133.9	6186.2	148	144	292
9426786	33407701	"Mika"	"Manhattan"	68	9.36	93.59	6.41	265	"Entire home/apt"	7	2311.3	3541.6	17	22	39
253815	417504	"Dana"	"Brooklyn"	93	8.86	88.61	11.39	302	"Entire home/apt"	3	2506.6	5792.3	365	333	698
6800799	28656792	"Saya"	"Manhattan"	127	8.36	83.63	16.37	314	"Entire home/apt"	1	2916.4	3370.2	269	259	528
9679720	29051370	"Rose"	"Brooklyn"	100	8.91	89.14	10.86	142	"Private room"	1	1448.4	1832.9	2	10	12
6886371	1694147	"Rachel"	"Manhattan"	73	9.11	91.06	8.94	291	"Entire home/apt"	2	2399	4847.4	0	26	26
17097495	3236595	"Ren??"	"Manhattan"	89	8.81	88.08	11.92	215	"Private room"	2	1613.9	3165.5	217	210	427
5365770	9740445	"Martin"	"Manhattan"	102	9.34	93.37	6.63	243	"Private room"	2	1810.7	4283	0	28	28
6890068	1795670	"Ise"	"Manhattan"	92	8.59	85.91	14.09	235	"Private room"	2	1730.8	3394.9	0	25	25
16926786	113072781	"Jasmine"	"Brooklyn"	79	9.69	96.88	3.12	239	"Entire home/apt"	3	3119.2	3980.8	32	36	68
17960424	36893600	"Brian"	"Bronx"	48	9.9	98.98	1.02	214	"Entire home/apt"	1	3678.5	3338.9	174	169	343
1993824	10277424	"Christine"	"Manhattan"	83	8.53	85.25	14.75	221	"Private room"	2	1668.4	3057.7	156	152	308
13410276	544621	"Eduardo"	"Manhattan"	80	9.44	94.42	5.58	225	"Private room"	2	1675.2	3337.2	0	14	14
7579799	39741695	"Vivek"	"Queens"	22	9.23	92.33	7.67	192	"Private room"	1	1680.5	3303.6	364	336	700
15194207	41074011	"Kryshana"	"Manhattan"	96	9.5	95.04	4.96	232	"Private room"	2	1740.7	3409.3	121	119	240
17591356	99245631	"Jillian"	"Manhattan"	58	9.5	94.95	5.05	231	"Private room"	2	1728.3	2300	0	10	10
4218034	6841194	"Eric"	"Brooklyn"	133	7.78	77.81	22.19	300	"Entire home/apt"	2	2798.6	3493.9	189	183	372
7981162	6670406	"Jennifer"	"Manhattan"	71	9.48	94.84	5.16	244	"Entire home/apt"	5	1826.5	4446.1	0	10	10
1276303	4061079	"Anna"	"Brooklyn"	104	9.64	96.38	3.62	275	"Entire home/apt"	2	3359.8	4209	171	166	337
15299349	38833457	"Jordan"	"Manhattan"	41	5.93	59.27	40.73	176	"Private room"	2	1410.6	3314.7	288	276	564
8473484	44620317	"Claudia"	"Queens"	38	9.84	98.41	1.59	210	"Private room"	1	1848.4	2133.4	214	207	421
16538045	108813069	"Michael"	"Manhattan"	71	8.31	83.13	16.87	266	"Entire home/apt"	1	2442.1	4162.9	0	25	25
15986775	103875907	"Massimo"	"Manhattan"	80	8.52	85.15	14.85	101	"Private room"	1	1090.4	2265.6	142	139	281
5882725	20557884	"Anita"	"Brooklyn"	98	8.77	87.67	12.33	266	"Entire home/apt"	3	2300.4	4469.8	344	325	669
2236458	11418277	"Vanessa"	"Queens"	40	9.75	97.54	2.46	273	"Entire home/apt"	4	3570.3	4222.9	0	0	0
15036866	94976037	"Kareem"	"Manhattan"	63	8.78	87.8	12.2	192	"Private room"	1	1461.8	3355.3	363	339	702
17654617	120133084	"Micheal"	"Brooklyn"	70	8.72	87.19	12.81	302	"Entire home/apt"	2	2945	3614.2	153	149	302
2098030	10700163	"Blair"	"Brooklyn"	102	8.68	86.76	13.24	232	"Entire home/apt"	1	2996.8	3163.4	339	321	660
14486192	10099617	"Carlos"	"Manhattan"	67	9.29	92.91	7.09	246	"Entire home/apt"	2	2210.9	3138	0	16	16
6646365	23582893	""	"Brooklyn"	93	8.03	80.28	19.72	176	"Private room"	1	1591.3	1485.7	214	207	421
701474	3570836	"Jessi K And"	"Manhattan"	128	9.23	92.3	7.7	283	"Entire home/apt"	2	3044	4016.5	276	265	541
501082	2471671	"Joyce"	"Manhattan"	145	8.88	88.84	11.16	219	"Private room"	365	1688.1	3599.8	278	267	545
15736079	17043144	"Kat"	"Brooklyn"	81	8.34	83.36	16.64	182	"Private room"	3	1614.2	3269.4	0	11	11
12027963	64370305	"Oliver"	"Manhattan"	115	9.28	92.76	7.24	256	"Private room"	2	1901.1	4345	95	94	189
7306096	38272413	"Vasily"	"Brooklyn"	69	8.23	82.35	17.65	161	"Private room"	4	1470.6	1636.4	0	15	15
12772076	69488526	"K. E. Saavik"	"Queens"	43	9.86	98.6	1.4	322	"Entire home/apt"	365	3215.9	4135	0	9	9
